Linux 3.19.5-200.fc21.x86_64 (bark) 	07/25/2015 	_x86_64_	(8 CPU)

12:11:10 AM  CPU    %usr   %nice    %sys %iowait    %irq   %soft  %steal  %guest  %gnice   %idle
12:11:20 AM  all    1.31    0.00   35.67    0.01    0.00    4.37    0.00   34.48    0.00   24.16
12:11:20 AM    0    1.42    0.00   36.92    0.00    0.00    4.77    0.00   33.06    0.00   23.83
12:11:20 AM    1    1.52    0.00   35.57    0.00    0.00    3.96    0.00   35.26    0.00   23.68
12:11:20 AM    2    1.01    0.00   35.79    0.00    0.00    4.25    0.00   33.57    0.00   25.38
12:11:20 AM    3    1.42    0.00   35.57    0.00    0.00    4.57    0.00   30.28    0.00   28.15
12:11:20 AM    4    1.12    0.00   35.06    0.00    0.00    4.47    0.00   35.16    0.00   24.19
12:11:20 AM    5    1.62    0.00   33.77    0.00    0.00    4.55    0.00   39.53    0.00   20.53
12:11:20 AM    6    1.43    0.00   35.76    0.00    0.00    3.18    0.00   36.48    0.00   23.16
12:11:20 AM    7    1.02    0.00   36.97    0.00    0.00    5.19    0.00   32.38    0.00   24.44

12:11:20 AM  CPU    %usr   %nice    %sys %iowait    %irq   %soft  %steal  %guest  %gnice   %idle
12:11:30 AM  all    1.38    0.00   35.39    0.06    0.00    4.32    0.00   34.61    0.00   24.24
12:11:30 AM    0    1.23    0.00   36.77    0.51    0.00    5.11    0.00   26.56    0.00   29.83
12:11:30 AM    1    1.44    0.00   36.97    0.00    0.00    4.33    0.00   31.82    0.00   25.44
12:11:30 AM    2    1.52    0.00   30.79    0.00    0.00    3.15    0.00   43.50    0.00   21.04
12:11:30 AM    3    1.43    0.00   36.37    0.00    0.00    4.61    0.00   26.95    0.00   30.64
12:11:30 AM    4    1.32    0.00   36.61    0.00    0.00    5.07    0.00   33.06    0.00   23.94
12:11:30 AM    5    1.23    0.00   35.99    0.00    0.00    4.09    0.00   37.01    0.00   21.68
12:11:30 AM    6    1.11    0.00   31.36    0.00    0.00    2.51    0.00   49.85    0.00   15.18
12:11:30 AM    7    1.43    0.00   38.30    0.00    0.00    5.72    0.00   28.19    0.00   26.35

12:11:30 AM  CPU    %usr   %nice    %sys %iowait    %irq   %soft  %steal  %guest  %gnice   %idle
12:11:40 AM  all    1.43    0.00   35.48    0.05    0.00    4.33    0.00   34.46    0.00   24.26
12:11:40 AM    0    1.22    0.00   33.57    0.31    0.00    4.37    0.00   38.96    0.00   21.57
12:11:40 AM    1    1.54    0.00   35.45    0.10    0.00    3.28    0.00   34.73    0.00   24.90
12:11:40 AM    2    1.12    0.00   36.94    0.00    0.00    4.59    0.00   27.45    0.00   29.90
12:11:40 AM    3    1.43    0.00   39.31    0.00    0.00    4.89    0.00   26.27    0.00   28.11
12:11:40 AM    4    1.42    0.00   32.45    0.00    0.00    3.75    0.00   44.93    0.00   17.44
12:11:40 AM    5    1.73    0.00   34.93    0.00    0.00    4.18    0.00   35.44    0.00   23.73
12:11:40 AM    6    1.63    0.00   35.26    0.00    0.00    4.67    0.00   35.47    0.00   22.97
12:11:40 AM    7    1.43    0.00   36.02    0.00    0.00    4.90    0.00   32.24    0.00   25.41

12:11:40 AM  CPU    %usr   %nice    %sys %iowait    %irq   %soft  %steal  %guest  %gnice   %idle
12:11:50 AM  all    1.31    0.00   35.64    0.04    0.00    4.37    0.00   34.43    0.00   24.22
12:11:50 AM    0    1.43    0.00   35.07    0.00    0.00    4.59    0.00   34.25    0.00   24.67
12:11:50 AM    1    1.42    0.00   34.04    0.20    0.00    4.26    0.00   36.17    0.00   23.91
12:11:50 AM    2    1.43    0.00   35.75    0.00    0.00    4.19    0.00   32.07    0.00   26.56
12:11:50 AM    3    1.53    0.00   35.78    0.00    0.00    3.77    0.00   32.62    0.00   26.30
12:11:50 AM    4    0.92    0.00   37.31    0.00    0.00    4.69    0.00   34.66    0.00   22.43
12:11:50 AM    5    1.22    0.00   33.27    0.00    0.00    4.17    0.00   40.18    0.00   21.16
12:11:50 AM    6    1.42    0.00   36.47    0.00    0.00    4.56    0.00   34.75    0.00   22.80
12:11:50 AM    7    1.23    0.00   37.46    0.00    0.00    4.71    0.00   30.60    0.00   26.00

12:11:50 AM  CPU    %usr   %nice    %sys %iowait    %irq   %soft  %steal  %guest  %gnice   %idle
12:12:00 AM  all    1.36    0.00   35.77    0.03    0.00    4.32    0.00   34.77    0.00   23.75
12:12:00 AM    0    1.33    0.00   38.37    0.10    0.00    4.29    0.00   27.35    0.00   28.57
12:12:00 AM    1    1.22    0.00   36.39    0.00    0.00    4.59    0.00   33.84    0.00   23.96
12:12:00 AM    2    1.53    0.00   34.08    0.10    0.00    3.98    0.00   33.27    0.00   27.04
12:12:00 AM    3    1.32    0.00   33.98    0.10    0.00    3.36    0.00   40.49    0.00   20.75
12:12:00 AM    4    1.12    0.00   39.39    0.00    0.00    5.61    0.00   27.96    0.00   25.92
12:12:00 AM    5    1.12    0.00   34.93    0.00    0.00    3.77    0.00   39.71    0.00   20.47
12:12:00 AM    6    1.43    0.00   36.56    0.00    0.00    5.09    0.00   32.59    0.00   24.34
12:12:00 AM    7    1.53    0.00   32.48    0.00    0.00    3.87    0.00   42.97    0.00   19.14

12:12:00 AM  CPU    %usr   %nice    %sys %iowait    %irq   %soft  %steal  %guest  %gnice   %idle
12:12:10 AM  all    1.30    0.00   35.77    0.00    0.00    4.26    0.00   34.59    0.00   24.08
12:12:10 AM    0    1.32    0.00   32.83    0.00    0.00    3.55    0.00   41.95    0.00   20.36
12:12:10 AM    1    1.43    0.00   34.56    0.00    0.00    4.19    0.00   33.03    0.00   26.79
12:12:10 AM    2    1.62    0.00   35.69    0.00    0.00    4.55    0.00   29.32    0.00   28.82
12:12:10 AM    3    1.42    0.00   38.56    0.00    0.00    5.60    0.00   24.52    0.00   29.91
12:12:10 AM    4    1.52    0.00   32.59    0.00    0.00    2.74    0.00   46.80    0.00   16.35
12:12:10 AM    5    1.01    0.00   37.99    0.00    0.00    4.36    0.00   33.94    0.00   22.70
12:12:10 AM    6    1.12    0.00   37.33    0.00    0.00    4.48    0.00   33.98    0.00   23.09
12:12:10 AM    7    1.12    0.00   36.73    0.00    0.00    4.59    0.00   33.16    0.00   24.39

12:12:10 AM  CPU    %usr   %nice    %sys %iowait    %irq   %soft  %steal  %guest  %gnice   %idle
12:12:20 AM  all    1.30    0.00   35.73    0.00    0.00    4.22    0.00   34.63    0.00   24.11
12:12:20 AM    0    1.53    0.00   35.50    0.00    0.00    3.56    0.00   31.84    0.00   27.57
12:12:20 AM    1    1.03    0.00   35.91    0.00    0.00    4.73    0.00   32.10    0.00   26.23
12:12:20 AM    2    1.32    0.00   33.37    0.00    0.00    3.14    0.00   39.05    0.00   23.12
12:12:20 AM    3    1.12    0.00   37.01    0.00    0.00    4.29    0.00   32.31    0.00   25.26
12:12:20 AM    4    1.23    0.00   39.61    0.00    0.00    3.38    0.00   32.34    0.00   23.44
12:12:20 AM    5    1.43    0.00   36.97    0.00    0.00    5.91    0.00   31.47    0.00   24.24
12:12:20 AM    6    1.32    0.00   33.81    0.00    0.00    4.28    0.00   39.51    0.00   21.08
12:12:20 AM    7    1.63    0.00   33.67    0.00    0.00    4.39    0.00   38.16    0.00   22.14

12:12:20 AM  CPU    %usr   %nice    %sys %iowait    %irq   %soft  %steal  %guest  %gnice   %idle
12:12:30 AM  all    1.34    0.00   35.73    0.04    0.00    4.27    0.00   34.49    0.00   24.14
12:12:30 AM    0    1.12    0.00   35.64    0.00    0.00    4.68    0.00   33.60    0.00   24.95
12:12:30 AM    1    1.33    0.00   36.43    0.00    0.00    3.27    0.00   33.88    0.00   25.10
12:12:30 AM    2    1.23    0.00   35.96    0.00    0.00    5.01    0.00   29.32    0.00   28.50
12:12:30 AM    3    1.12    0.00   36.97    0.00    0.00    3.77    0.00   34.52    0.00   23.63
12:12:30 AM    4    1.22    0.00   33.74    0.30    0.00    4.27    0.00   40.04    0.00   20.43
12:12:30 AM    5    1.52    0.00   37.53    0.00    0.00    4.26    0.00   32.56    0.00   24.14
12:12:30 AM    6    1.63    0.00   36.19    0.00    0.00    4.79    0.00   33.13    0.00   24.26
12:12:30 AM    7    1.43    0.00   33.23    0.00    0.00    4.19    0.00   38.96    0.00   22.19

12:12:30 AM  CPU    %usr   %nice    %sys %iowait    %irq   %soft  %steal  %guest  %gnice   %idle
12:12:40 AM  all    1.44    0.00   35.36    0.00    0.00    4.29    0.00   34.54    0.00   24.37
12:12:40 AM    0    1.42    0.00   32.73    0.10    0.00    3.34    0.00   38.70    0.00   23.71
12:12:40 AM    1    1.43    0.00   36.98    0.00    0.00    4.49    0.00   30.85    0.00   26.25
12:12:40 AM    2    1.73    0.00   35.64    0.00    0.00    4.07    0.00   31.36    0.00   27.19
12:12:40 AM    3    1.32    0.00   33.43    0.00    0.00    4.66    0.00   32.83    0.00   27.76
12:12:40 AM    4    1.02    0.00   35.44    0.00    0.00    3.78    0.00   40.45    0.00   19.31
12:12:40 AM    5    1.43    0.00   36.68    0.00    0.00    4.82    0.00   32.07    0.00   25.00
12:12:40 AM    6    1.53    0.00   36.50    0.00    0.00    4.09    0.00   33.64    0.00   24.23
12:12:40 AM    7    1.52    0.00   35.39    0.00    0.00    5.06    0.00   36.50    0.00   21.54

12:12:40 AM  CPU    %usr   %nice    %sys %iowait    %irq   %soft  %steal  %guest  %gnice   %idle
12:12:50 AM  all    1.34    0.00   35.54    0.00    0.00    4.41    0.00   34.47    0.00   24.25
12:12:50 AM    0    1.33    0.00   35.65    0.00    0.00    5.31    0.00   29.42    0.00   28.29
12:12:50 AM    1    1.44    0.00   35.01    0.00    0.00    4.00    0.00   32.75    0.00   26.80
12:12:50 AM    2    1.22    0.00   36.11    0.00    0.00    4.68    0.00   32.86    0.00   25.13
12:12:50 AM    3    1.12    0.00   35.06    0.00    0.00    3.25    0.00   35.37    0.00   25.20
12:12:50 AM    4    1.63    0.00   36.49    0.00    0.00    4.89    0.00   33.84    0.00   23.14
12:12:50 AM    5    1.23    0.00   36.36    0.00    0.00    4.19    0.00   35.75    0.00   22.47
12:12:50 AM    6    1.22    0.00   35.46    0.00    0.00    5.17    0.00   35.56    0.00   22.59
12:12:50 AM    7    1.52    0.00   34.18    0.00    0.00    3.85    0.00   40.06    0.00   20.39

12:12:50 AM  CPU    %usr   %nice    %sys %iowait    %irq   %soft  %steal  %guest  %gnice   %idle
12:13:00 AM  all    1.35    0.00   35.72    0.00    0.00    4.14    0.00   34.67    0.00   24.12
12:13:00 AM    0    1.12    0.00   36.05    0.00    0.00    3.97    0.00   36.46    0.00   22.40
12:13:00 AM    1    1.43    0.00   34.66    0.00    0.00    4.59    0.00   31.60    0.00   27.73
12:13:00 AM    2    1.22    0.00   36.46    0.00    0.00    4.28    0.00   29.94    0.00   28.11
12:13:00 AM    3    1.12    0.00   38.16    0.00    0.00    4.39    0.00   27.86    0.00   28.47
12:13:00 AM    4    1.82    0.00   30.37    0.00    0.00    3.23    0.00   48.23    0.00   16.35
12:13:00 AM    5    1.43    0.00   36.76    0.00    0.00    5.40    0.00   31.47    0.00   24.95
12:13:00 AM    6    1.32    0.00   35.81    0.00    0.00    3.15    0.00   38.35    0.00   21.36
12:13:00 AM    7    1.33    0.00   37.41    0.00    0.00    4.18    0.00   33.54    0.00   23.55

12:13:00 AM  CPU    %usr   %nice    %sys %iowait    %irq   %soft  %steal  %guest  %gnice   %idle
12:13:10 AM  all    1.35    0.00   35.89    0.00    0.00    4.27    0.00   34.39    0.00   24.10
12:13:10 AM    0    1.22    0.00   36.01    0.00    0.00    4.37    0.00   33.88    0.00   24.52
12:13:10 AM    1    1.64    0.00   35.18    0.00    0.00    4.51    0.00   32.00    0.00   26.67
12:13:10 AM    2    1.32    0.00   35.37    0.00    0.00    3.66    0.00   35.47    0.00   24.19
12:13:10 AM    3    1.02    0.00   36.67    0.00    0.00    3.98    0.00   29.93    0.00   28.40
12:13:10 AM    4    1.33    0.00   37.10    0.00    0.00    6.01    0.00   29.66    0.00   25.89
12:13:10 AM    5    1.32    0.00   37.07    0.00    0.00    3.97    0.00   36.76    0.00   20.88
12:13:10 AM    6    1.42    0.00   33.16    0.00    0.00    3.65    0.00   40.87    0.00   20.89
12:13:10 AM    7    1.33    0.00   36.80    0.00    0.00    3.87    0.00   36.60    0.00   21.41

12:13:10 AM  CPU    %usr   %nice    %sys %iowait    %irq   %soft  %steal  %guest  %gnice   %idle
12:13:20 AM  all    1.33    0.00   35.51    0.00    0.00    4.54    0.00   34.62    0.00   24.00
12:13:20 AM    0    1.33    0.00   36.54    0.00    0.00    4.40    0.00   29.89    0.00   27.84
12:13:20 AM    1    1.23    0.00   34.66    0.00    0.00    5.21    0.00   34.05    0.00   24.85
12:13:20 AM    2    1.23    0.00   36.61    0.00    0.00    3.99    0.00   31.49    0.00   26.69
12:13:20 AM    3    1.32    0.00   36.72    0.00    0.00    4.58    0.00   33.16    0.00   24.21
12:13:20 AM    4    1.22    0.00   37.03    0.00    0.00    4.17    0.00   34.99    0.00   22.58
12:13:20 AM    5    1.23    0.00   33.54    0.00    0.00    5.01    0.00   38.96    0.00   21.27
12:13:20 AM    6    1.42    0.00   36.85    0.00    0.00    5.79    0.00   30.46    0.00   25.48
12:13:20 AM    7    1.72    0.00   32.05    0.00    0.00    3.04    0.00   43.81    0.00   19.37

12:13:20 AM  CPU    %usr   %nice    %sys %iowait    %irq   %soft  %steal  %guest  %gnice   %idle
12:13:30 AM  all    1.33    0.00   35.41    0.05    0.00    4.35    0.00   34.57    0.00   24.30
12:13:30 AM    0    1.74    0.00   35.62    0.00    0.00    3.99    0.00   29.48    0.00   29.17
12:13:30 AM    1    1.33    0.00   38.14    0.00    0.00    4.70    0.00   27.40    0.00   28.43
12:13:30 AM    2    0.91    0.00   39.13    0.00    0.00    5.08    0.00   27.64    0.00   27.24
12:13:30 AM    3    1.64    0.00   29.10    0.20    0.00    3.89    0.00   42.21    0.00   22.95
12:13:30 AM    4    1.53    0.00   33.67    0.00    0.00    3.67    0.00   38.78    0.00   22.35
12:13:30 AM    5    1.53    0.00   35.17    0.00    0.00    4.09    0.00   34.05    0.00   25.15
12:13:30 AM    6    1.43    0.00   36.33    0.00    0.00    5.92    0.00   31.73    0.00   24.59
12:13:30 AM    7    0.81    0.00   36.23    0.00    0.00    3.53    0.00   44.90    0.00   14.53

12:13:30 AM  CPU    %usr   %nice    %sys %iowait    %irq   %soft  %steal  %guest  %gnice   %idle
12:13:40 AM  all    1.44    0.00   35.47    0.00    0.00    4.30    0.00   34.83    0.00   23.97
12:13:40 AM    0    1.13    0.00   36.58    0.00    0.00    4.51    0.00   30.12    0.00   27.66
12:13:40 AM    1    1.12    0.00   37.65    0.00    0.00    5.10    0.00   26.02    0.00   30.10
12:13:40 AM    2    1.33    0.00   36.39    0.00    0.00    4.08    0.00   34.86    0.00   23.34
12:13:40 AM    3    1.52    0.00   32.99    0.10    0.00    3.76    0.00   38.98    0.00   22.64
12:13:40 AM    4    1.62    0.00   35.90    0.00    0.00    4.06    0.00   34.69    0.00   23.73
12:13:40 AM    5    1.83    0.00   36.59    0.00    0.00    4.17    0.00   33.33    0.00   24.09
12:13:40 AM    6    1.32    0.00   34.89    0.00    0.00    4.27    0.00   38.96    0.00   20.55
12:13:40 AM    7    1.42    0.00   32.62    0.00    0.00    4.46    0.00   41.74    0.00   19.76

12:13:40 AM  CPU    %usr   %nice    %sys %iowait    %irq   %soft  %steal  %guest  %gnice   %idle
12:13:50 AM  all    1.34    0.00   35.73    0.00    0.00    4.06    0.00   34.56    0.00   24.31
12:13:50 AM    0    1.72    0.00   32.83    0.00    0.00    2.94    0.00   38.30    0.00   24.21
12:13:50 AM    1    1.13    0.00   37.54    0.00    0.00    4.21    0.00   31.18    0.00   25.95
12:13:50 AM    2    1.53    0.00   32.76    0.00    0.00    2.45    0.00   39.18    0.00   24.08
12:13:50 AM    3    1.33    0.00   36.02    0.00    0.00    4.59    0.00   31.53    0.00   26.53
12:13:50 AM    4    1.33    0.00   36.60    0.00    0.00    3.57    0.00   36.49    0.00   22.02
12:13:50 AM    5    1.33    0.00   37.39    0.00    0.00    5.21    0.00   29.72    0.00   26.35
12:13:50 AM    6    1.33    0.00   35.58    0.00    0.00    3.36    0.00   38.74    0.00   21.00
12:13:50 AM    7    1.03    0.00   37.51    0.00    0.00    5.96    0.00   31.14    0.00   24.36

12:13:50 AM  CPU    %usr   %nice    %sys %iowait    %irq   %soft  %steal  %guest  %gnice   %idle
12:14:00 AM  all    1.45    0.00   35.49    0.01    0.00    4.28    0.00   34.37    0.00   24.39
12:14:00 AM    0    1.43    0.00   35.89    0.00    0.00    4.50    0.00   27.91    0.00   30.27
12:14:00 AM    1    1.43    0.00   35.82    0.00    0.00    4.90    0.00   33.37    0.00   24.49
12:14:00 AM    2    1.13    0.00   36.85    0.00    0.00    4.91    0.00   29.27    0.00   27.84
12:14:00 AM    3    1.32    0.00   35.30    0.10    0.00    2.95    0.00   39.06    0.00   21.26
12:14:00 AM    4    1.52    0.00   36.88    0.00    0.00    4.26    0.00   32.93    0.00   24.42
12:14:00 AM    5    1.83    0.00   33.33    0.00    0.00    3.76    0.00   40.75    0.00   20.33
12:14:00 AM    6    1.22    0.00   36.61    0.00    0.00    5.27    0.00   33.47    0.00   23.43
12:14:00 AM    7    1.63    0.00   33.23    0.00    0.00    3.87    0.00   38.23    0.00   23.04

12:14:00 AM  CPU    %usr   %nice    %sys %iowait    %irq   %soft  %steal  %guest  %gnice   %idle
12:14:10 AM  all    1.34    0.00   35.34    0.00    0.00    4.29    0.00   34.63    0.00   24.40
12:14:10 AM    0    1.43    0.00   34.49    0.00    0.00    4.61    0.00   33.06    0.00   26.41
12:14:10 AM    1    1.32    0.00   35.29    0.00    0.00    4.06    0.00   33.06    0.00   26.27
12:14:10 AM    2    1.74    0.00   34.73    0.00    0.00    2.66    0.00   35.45    0.00   25.41
12:14:10 AM    3    1.23    0.00   36.31    0.00    0.00    4.31    0.00   28.62    0.00   29.54
12:14:10 AM    4    1.12    0.00   36.35    0.00    0.00    5.18    0.00   33.91    0.00   23.45
12:14:10 AM    5    0.92    0.00   36.12    0.00    0.00    6.53    0.00   32.96    0.00   23.47
12:14:10 AM    6    1.32    0.00   34.65    0.00    0.00    3.66    0.00   40.96    0.00   19.41
12:14:10 AM    7    1.52    0.00   34.58    0.00    0.00    3.35    0.00   39.05    0.00   21.50

12:14:10 AM  CPU    %usr   %nice    %sys %iowait    %irq   %soft  %steal  %guest  %gnice   %idle
12:14:20 AM  all    1.36    0.00   35.62    0.04    0.00    4.17    0.00   34.45    0.00   24.36
12:14:20 AM    0    1.63    0.00   32.35    0.10    0.00    2.54    0.00   37.23    0.00   26.14
12:14:20 AM    1    0.91    0.00   38.07    0.20    0.00    5.79    0.00   27.41    0.00   27.61
12:14:20 AM    2    1.64    0.00   37.23    0.00    0.00    4.82    0.00   26.46    0.00   29.85
12:14:20 AM    3    1.54    0.00   33.27    0.00    0.00    3.28    0.00   39.61    0.00   22.31
12:14:20 AM    4    1.62    0.00   32.25    0.00    0.00    2.84    0.00   45.54    0.00   17.75
12:14:20 AM    5    1.22    0.00   35.20    0.00    0.00    5.09    0.00   36.32    0.00   22.18
12:14:20 AM    6    1.33    0.00   39.26    0.00    0.00    5.21    0.00   27.30    0.00   26.89
12:14:20 AM    7    1.32    0.00   37.46    0.00    0.00    3.86    0.00   35.43    0.00   21.93

12:14:20 AM  CPU    %usr   %nice    %sys %iowait    %irq   %soft  %steal  %guest  %gnice   %idle
12:14:30 AM  all    1.40    0.00   35.14    0.05    0.00    4.35    0.00   34.59    0.00   24.46
12:14:30 AM    0    1.32    0.00   34.76    0.00    0.00    3.76    0.00   34.04    0.00   26.12
12:14:30 AM    1    1.54    0.00   34.70    0.41    0.00    5.03    0.00   31.11    0.00   27.21
12:14:30 AM    2    1.22    0.00   36.17    0.00    0.00    4.66    0.00   30.50    0.00   27.46
12:14:30 AM    3    1.65    0.00   33.85    0.00    0.00    3.60    0.00   35.60    0.00   25.31
12:14:30 AM    4    1.32    0.00   33.81    0.00    0.00    4.16    0.00   37.46    0.00   23.25
12:14:30 AM    5    1.33    0.00   38.16    0.00    0.00    4.90    0.00   31.33    0.00   24.29
12:14:30 AM    6    1.43    0.00   35.01    0.00    0.00    4.61    0.00   36.23    0.00   22.72
12:14:30 AM    7    1.42    0.00   34.79    0.00    0.00    3.87    0.00   40.59    0.00   19.33

12:14:30 AM  CPU    %usr   %nice    %sys %iowait    %irq   %soft  %steal  %guest  %gnice   %idle
12:14:40 AM  all    1.31    0.00   35.50    0.04    0.00    4.30    0.00   34.45    0.00   24.40
12:14:40 AM    0    1.33    0.00   33.98    0.00    0.00    3.98    0.00   35.71    0.00   25.00
12:14:40 AM    1    1.12    0.00   36.06    0.00    0.00    4.09    0.00   31.77    0.00   26.97
12:14:40 AM    2    1.23    0.00   36.40    0.31    0.00    5.11    0.00   27.20    0.00   29.75
12:14:40 AM    3    1.53    0.00   34.73    0.00    0.00    3.87    0.00   34.62    0.00   25.25
12:14:40 AM    4    1.52    0.00   35.25    0.00    0.00    4.55    0.00   35.66    0.00   23.03
12:14:40 AM    5    1.21    0.00   34.01    0.00    0.00    3.53    0.00   43.69    0.00   17.56
12:14:40 AM    6    1.22    0.00   35.19    0.00    0.00    4.77    0.00   34.28    0.00   24.54
12:14:40 AM    7    1.23    0.00   38.34    0.00    0.00    4.60    0.00   32.41    0.00   23.42

12:14:40 AM  CPU    %usr   %nice    %sys %iowait    %irq   %soft  %steal  %guest  %gnice   %idle
12:14:50 AM  all    1.27    0.00   35.47    0.00    0.00    4.15    0.00   34.55    0.00   24.55
12:14:50 AM    0    1.33    0.00   36.33    0.00    0.00    4.08    0.00   28.98    0.00   29.29
12:14:50 AM    1    1.52    0.00   31.48    0.10    0.00    2.94    0.00   40.38    0.00   23.58
12:14:50 AM    2    1.33    0.00   37.89    0.00    0.00    5.54    0.00   25.87    0.00   29.36
12:14:50 AM    3    1.32    0.00   35.95    0.00    0.00    3.87    0.00   32.79    0.00   26.07
12:14:50 AM    4    1.01    0.00   37.93    0.00    0.00    4.67    0.00   32.45    0.00   23.94
12:14:50 AM    5    1.23    0.00   34.53    0.00    0.00    4.09    0.00   38.41    0.00   21.76
12:14:50 AM    6    1.42    0.00   35.61    0.00    0.00    4.27    0.00   34.89    0.00   23.80
12:14:50 AM    7    1.12    0.00   34.11    0.00    0.00    3.67    0.00   42.57    0.00   18.53

12:14:50 AM  CPU    %usr   %nice    %sys %iowait    %irq   %soft  %steal  %guest  %gnice   %idle
12:15:00 AM  all    1.30    0.00   35.91    0.01    0.00    4.23    0.00   34.40    0.00   24.15
12:15:00 AM    0    1.22    0.00   33.74    0.00    0.00    4.69    0.00   34.56    0.00   25.79
12:15:00 AM    1    1.32    0.00   37.13    0.00    0.00    3.56    0.00   34.89    0.00   23.09
12:15:00 AM    2    1.32    0.00   34.62    0.00    0.00    4.35    0.00   29.66    0.00   30.06
12:15:00 AM    3    1.02    0.00   38.20    0.00    0.00    4.29    0.00   30.23    0.00   26.25
12:15:00 AM    4    1.22    0.00   36.25    0.00    0.00    4.28    0.00   37.68    0.00   20.57
12:15:00 AM    5    1.53    0.00   37.28    0.10    0.00    4.29    0.00   33.40    0.00   23.39
12:15:00 AM    6    1.32    0.00   34.79    0.00    0.00    4.06    0.00   39.96    0.00   19.88
12:15:00 AM    7    1.22    0.00   35.20    0.00    0.00    4.37    0.00   34.89    0.00   24.31

12:15:00 AM  CPU    %usr   %nice    %sys %iowait    %irq   %soft  %steal  %guest  %gnice   %idle
12:15:10 AM  all    1.34    0.00   35.75    0.00    0.00    4.33    0.00   34.71    0.00   23.88
12:15:10 AM    0    1.43    0.00   35.28    0.00    0.00    3.07    0.00   33.44    0.00   26.79
12:15:10 AM    1    1.02    0.00   36.91    0.00    0.00    5.73    0.00   25.97    0.00   30.37
12:15:10 AM    2    1.22    0.00   37.73    0.00    0.00    4.26    0.00   31.24    0.00   25.56
12:15:10 AM    3    1.43    0.00   33.37    0.00    0.00    3.67    0.00   39.69    0.00   21.84
12:15:10 AM    4    1.33    0.00   37.35    0.00    0.00    3.57    0.00   37.14    0.00   20.61
12:15:10 AM    5    1.53    0.00   35.10    0.00    0.00    4.59    0.00   36.53    0.00   22.24
12:15:10 AM    6    1.32    0.00   36.17    0.00    0.00    4.76    0.00   35.16    0.00   22.59
12:15:10 AM    7    1.63    0.00   34.05    0.00    0.00    4.99    0.00   38.33    0.00   21.00

12:15:10 AM  CPU    %usr   %nice    %sys %iowait    %irq   %soft  %steal  %guest  %gnice   %idle
12:15:20 AM  all    1.34    0.00   35.58    0.00    0.00    4.29    0.00   34.67    0.00   24.12
12:15:20 AM    0    1.12    0.00   36.70    0.00    0.00    4.08    0.00   33.74    0.00   24.36
12:15:20 AM    1    1.22    0.00   33.57    0.00    0.00    2.85    0.00   39.47    0.00   22.89
12:15:20 AM    2    1.32    0.00   34.25    0.00    0.00    3.65    0.00   35.46    0.00   25.33
12:15:20 AM    3    1.23    0.00   36.31    0.00    0.00    4.62    0.00   31.18    0.00   26.67
12:15:20 AM    4    1.22    0.00   36.04    0.00    0.00    5.28    0.00   35.13    0.00   22.34
12:15:20 AM    5    1.62    0.00   33.40    0.00    0.00    3.65    0.00   38.98    0.00   22.34
12:15:20 AM    6    1.32    0.00   36.05    0.00    0.00    4.38    0.00   35.03    0.00   23.22
12:15:20 AM    7    1.23    0.00   38.38    0.00    0.00    5.83    0.00   28.56    0.00   26.00

12:15:20 AM  CPU    %usr   %nice    %sys %iowait    %irq   %soft  %steal  %guest  %gnice   %idle
12:15:30 AM  all    1.35    0.00   35.48    0.04    0.00    4.30    0.00   34.64    0.00   24.19
12:15:30 AM    0    1.23    0.00   39.26    0.10    0.00    5.32    0.00   24.44    0.00   29.65
12:15:30 AM    1    1.12    0.00   41.33    0.00    0.00    5.00    0.00   23.27    0.00   29.29
12:15:30 AM    2    1.62    0.00   34.48    0.00    0.00    3.04    0.00   37.53    0.00   23.33
12:15:30 AM    3    1.42    0.00   30.08    0.20    0.00    3.96    0.00   40.45    0.00   23.88
12:15:30 AM    4    1.33    0.00   38.85    0.00    0.00    6.03    0.00   28.53    0.00   25.26
12:15:30 AM    5    1.44    0.00   39.61    0.00    0.00    5.86    0.00   24.28    0.00   28.81
12:15:30 AM    6    1.53    0.00   30.93    0.00    0.00    2.34    0.00   48.12    0.00   17.09
12:15:30 AM    7    1.61    0.00   29.44    0.00    0.00    3.02    0.00   49.70    0.00   16.23

12:15:30 AM  CPU    %usr   %nice    %sys %iowait    %irq   %soft  %steal  %guest  %gnice   %idle
12:15:40 AM  all    1.31    0.00   35.83    0.00    0.00    4.26    0.00   34.54    0.00   24.06
12:15:40 AM    0    1.33    0.00   32.86    0.00    0.00    3.47    0.00   38.98    0.00   23.37
12:15:40 AM    1    1.13    0.00   37.81    0.00    0.00    5.12    0.00   27.56    0.00   28.38
12:15:40 AM    2    1.43    0.00   35.21    0.00    0.00    4.20    0.00   34.29    0.00   24.87
12:15:40 AM    3    1.33    0.00   37.18    0.00    0.00    3.98    0.00   31.56    0.00   25.94
12:15:40 AM    4    1.42    0.00   37.04    0.00    0.00    4.25    0.00   36.54    0.00   20.75
12:15:40 AM    5    1.02    0.00   35.89    0.00    0.00    5.11    0.00   32.52    0.00   25.46
12:15:40 AM    6    1.42    0.00   35.06    0.00    0.00    3.66    0.00   40.24    0.00   19.61
12:15:40 AM    7    1.52    0.00   35.56    0.00    0.00    4.36    0.00   34.45    0.00   24.11

12:15:40 AM  CPU    %usr   %nice    %sys %iowait    %irq   %soft  %steal  %guest  %gnice   %idle
12:15:50 AM  all    1.35    0.00   35.64    0.00    0.00    4.45    0.00   34.89    0.00   23.68
12:15:50 AM    0    1.42    0.00   36.88    0.00    0.00    3.65    0.00   32.62    0.00   25.43
12:15:50 AM    1    1.63    0.00   34.56    0.00    0.00    3.16    0.00   36.70    0.00   23.96
12:15:50 AM    2    1.23    0.00   35.18    0.00    0.00    3.90    0.00   34.77    0.00   24.92
12:15:50 AM    3    1.32    0.00   34.92    0.00    0.00    5.89    0.00   32.79    0.00   25.08
12:15:50 AM    4    1.03    0.00   38.77    0.00    0.00    4.72    0.00   30.77    0.00   24.72
12:15:50 AM    5    1.32    0.00   36.42    0.00    0.00    3.26    0.00   37.44    0.00   21.57
12:15:50 AM    6    1.72    0.00   29.25    0.00    0.00    3.24    0.00   47.17    0.00   18.62
12:15:50 AM    7    1.02    0.00   39.23    0.00    0.00    7.52    0.00   27.13    0.00   25.10

12:15:50 AM  CPU    %usr   %nice    %sys %iowait    %irq   %soft  %steal  %guest  %gnice   %idle
12:16:00 AM  all    1.34    0.00   35.68    0.00    0.00    4.27    0.00   34.45    0.00   24.27
12:16:00 AM    0    1.32    0.00   35.36    0.00    0.00    2.63    0.00   38.20    0.00   22.49
12:16:00 AM    1    1.32    0.00   35.60    0.00    0.00    4.36    0.00   34.38    0.00   24.34
12:16:00 AM    2    1.33    0.00   30.87    0.00    0.00    4.41    0.00   35.38    0.00   28.00
12:16:00 AM    3    1.22    0.00   39.76    0.00    0.00    4.18    0.00   26.91    0.00   27.93
12:16:00 AM    4    1.52    0.00   33.20    0.00    0.00    3.44    0.00   44.13    0.00   17.71
12:16:00 AM    5    1.12    0.00   36.38    0.00    0.00    5.89    0.00   32.32    0.00   24.29
12:16:00 AM    6    1.53    0.00   33.40    0.00    0.00    3.77    0.00   41.24    0.00   20.06
12:16:00 AM    7    1.13    0.00   40.99    0.00    0.00    5.56    0.00   22.86    0.00   29.45

12:16:00 AM  CPU    %usr   %nice    %sys %iowait    %irq   %soft  %steal  %guest  %gnice   %idle
12:16:10 AM  all    1.32    0.00   32.17    0.04    0.00    3.89    0.00   31.01    0.00   31.58
12:16:10 AM    0    1.42    0.00   33.91    0.00    0.00    3.76    0.00   28.02    0.00   32.89
12:16:10 AM    1    1.12    0.00   31.27    0.10    0.00    4.47    0.00   31.57    0.00   31.47
12:16:10 AM    2    1.53    0.00   33.61    0.00    0.00    3.27    0.00   23.29    0.00   38.30
12:16:10 AM    3    1.23    0.00   31.77    0.00    0.00    4.19    0.00   31.77    0.00   31.05
12:16:10 AM    4    1.32    0.00   31.57    0.10    0.00    3.65    0.00   33.50    0.00   29.85
12:16:10 AM    5    1.42    0.00   29.83    0.00    0.00    4.25    0.00   37.82    0.00   26.69
12:16:10 AM    6    1.42    0.00   33.16    0.00    0.00    3.56    0.00   29.91    0.00   31.94
12:16:10 AM    7    1.31    0.00   32.16    0.10    0.00    4.03    0.00   31.85    0.00   30.54

Average:     CPU    %usr   %nice    %sys %iowait    %irq   %soft  %steal  %guest  %gnice   %idle
Average:     all    1.35    0.00   35.48    0.02    0.00    4.28    0.00   34.45    0.00   24.43
Average:       0    1.35    0.00   35.28    0.04    0.00    4.06    0.00   33.17    0.00   26.10
Average:       1    1.31    0.00   35.82    0.04    0.00    4.35    0.00   32.26    0.00   26.22
Average:       2    1.35    0.00   35.40    0.01    0.00    4.13    0.00   32.23    0.00   26.88
Average:       3    1.33    0.00   35.42    0.02    0.00    4.15    0.00   33.16    0.00   25.91
Average:       4    1.33    0.00   35.69    0.01    0.00    4.27    0.00   36.46    0.00   22.23
Average:       5    1.36    0.00   35.67    0.00    0.00    4.56    0.00   35.30    0.00   23.10
Average:       6    1.39    0.00   35.08    0.00    0.00    4.22    0.00   36.94    0.00   22.37
Average:       7    1.35    0.00   35.48    0.00    0.00    4.48    0.00   36.05    0.00   22.64
