Linux 3.19.5-200.fc21.x86_64 (bark) 	07/24/2015 	_x86_64_	(8 CPU)

11:49:10 PM  CPU    %usr   %nice    %sys %iowait    %irq   %soft  %steal  %guest  %gnice   %idle
11:49:20 PM  all    1.41    0.00   33.74    0.01    0.00    8.34    0.00   39.61    0.00   16.90
11:49:20 PM    0    1.02    0.00   30.35    0.10    0.00    6.42    0.00   47.76    0.00   14.36
11:49:20 PM    1    1.44    0.00   31.01    0.00    0.00    8.01    0.00   38.19    0.00   21.36
11:49:20 PM    2    1.03    0.00   34.09    0.00    0.00    6.78    0.00   37.27    0.00   20.84
11:49:20 PM    3    1.74    0.00   34.76    0.00    0.00    8.38    0.00   36.09    0.00   19.02
11:49:20 PM    4    1.73    0.00   35.13    0.00    0.00    8.15    0.00   42.46    0.00   12.53
11:49:20 PM    5    1.54    0.00   38.46    0.00    0.00    9.23    0.00   33.03    0.00   17.74
11:49:20 PM    6    1.54    0.00   30.91    0.00    0.00    9.83    0.00   41.04    0.00   16.68
11:49:20 PM    7    0.92    0.00   35.28    0.00    0.00    9.82    0.00   41.10    0.00   12.88

11:49:20 PM  CPU    %usr   %nice    %sys %iowait    %irq   %soft  %steal  %guest  %gnice   %idle
11:49:30 PM  all    1.43    0.00   34.20    0.01    0.00    8.72    0.00   39.31    0.00   16.34
11:49:30 PM    0    1.32    0.00   26.60    0.10    0.00    9.24    0.00   43.65    0.00   19.09
11:49:30 PM    1    1.43    0.00   34.83    0.00    0.00    7.74    0.00   40.02    0.00   15.99
11:49:30 PM    2    1.52    0.00   34.76    0.00    0.00    5.89    0.00   41.36    0.00   16.46
11:49:30 PM    3    1.12    0.00   39.29    0.00    0.00    8.78    0.00   33.37    0.00   17.45
11:49:30 PM    4    1.32    0.00   32.11    0.00    0.00   13.01    0.00   38.92    0.00   14.63
11:49:30 PM    5    1.53    0.00   35.20    0.00    0.00   10.00    0.00   36.84    0.00   16.43
11:49:30 PM    6    1.42    0.00   32.79    0.00    0.00    8.00    0.00   47.06    0.00   10.73
11:49:30 PM    7    1.96    0.00   37.98    0.00    0.00    7.33    0.00   32.82    0.00   19.92

11:49:30 PM  CPU    %usr   %nice    %sys %iowait    %irq   %soft  %steal  %guest  %gnice   %idle
11:49:40 PM  all    1.48    0.00   33.49    0.08    0.00    8.36    0.00   39.23    0.00   17.36
11:49:40 PM    0    1.02    0.00   31.43    0.00    0.00    3.97    0.00   51.58    0.00   12.00
11:49:40 PM    1    1.33    0.00   32.48    0.00    0.00    8.07    0.00   39.84    0.00   18.28
11:49:40 PM    2    1.33    0.00   35.01    0.00    0.00   11.09    0.00   29.16    0.00   23.41
11:49:40 PM    3    1.94    0.00   33.47    0.31    0.00    4.69    0.00   43.06    0.00   16.53
11:49:40 PM    4    1.62    0.00   27.72    0.20    0.00    3.05    0.00   52.49    0.00   14.92
11:49:40 PM    5    1.54    0.00   37.95    0.00    0.00   10.67    0.00   33.33    0.00   16.51
11:49:40 PM    6    1.03    0.00   38.70    0.00    0.00   16.82    0.00   24.56    0.00   18.89
11:49:40 PM    7    2.03    0.00   31.40    0.00    0.00    8.33    0.00   39.63    0.00   18.60

11:49:40 PM  CPU    %usr   %nice    %sys %iowait    %irq   %soft  %steal  %guest  %gnice   %idle
11:49:50 PM  all    1.30    0.00   33.95    0.01    0.00    8.47    0.00   38.84    0.00   17.43
11:49:50 PM    0    0.71    0.00   36.42    0.00    0.00    9.97    0.00   35.71    0.00   17.19
11:49:50 PM    1    1.02    0.00   33.57    0.00    0.00    7.76    0.00   37.24    0.00   20.41
11:49:50 PM    2    1.22    0.00   31.71    0.00    0.00    5.28    0.00   44.21    0.00   17.58
11:49:50 PM    3    1.22    0.00   33.67    0.00    0.00    7.35    0.00   37.65    0.00   20.10
11:49:50 PM    4    1.33    0.00   35.59    0.00    0.00   10.15    0.00   33.95    0.00   18.97
11:49:50 PM    5    1.64    0.00   33.20    0.00    0.00    9.87    0.00   39.88    0.00   15.42
11:49:50 PM    6    1.63    0.00   32.22    0.00    0.00    6.91    0.00   44.92    0.00   14.33
11:49:50 PM    7    1.33    0.00   35.35    0.00    0.00   10.76    0.00   37.30    0.00   15.27

11:49:50 PM  CPU    %usr   %nice    %sys %iowait    %irq   %soft  %steal  %guest  %gnice   %idle
11:50:00 PM  all    1.39    0.00   34.16    0.00    0.00    8.59    0.00   39.56    0.00   16.30
11:50:00 PM    0    1.42    0.00   29.67    0.00    0.00    6.20    0.00   50.41    0.00   12.30
11:50:00 PM    1    1.24    0.00   36.39    0.00    0.00   13.71    0.00   25.46    0.00   23.20
11:50:00 PM    2    1.42    0.00   37.50    0.10    0.00    4.37    0.00   40.14    0.00   16.46
11:50:00 PM    3    1.55    0.00   36.80    0.00    0.00    5.67    0.00   38.14    0.00   17.84
11:50:00 PM    4    1.33    0.00   32.69    0.00    0.00    9.09    0.00   40.76    0.00   16.14
11:50:00 PM    5    1.02    0.00   36.64    0.00    0.00   16.68    0.00   26.92    0.00   18.73
11:50:00 PM    6    1.83    0.00   28.00    0.00    0.00    5.50    0.00   52.34    0.00   12.32
11:50:00 PM    7    1.63    0.00   35.54    0.00    0.00    7.54    0.00   41.75    0.00   13.54

11:50:00 PM  CPU    %usr   %nice    %sys %iowait    %irq   %soft  %steal  %guest  %gnice   %idle
11:50:10 PM  all    1.38    0.00   34.23    0.00    0.00    8.48    0.00   39.06    0.00   16.85
11:50:10 PM    0    1.44    0.00   40.86    0.00    0.00    9.86    0.00   25.36    0.00   22.48
11:50:10 PM    1    0.92    0.00   31.54    0.00    0.00    8.34    0.00   40.39    0.00   18.82
11:50:10 PM    2    1.23    0.00   34.63    0.00    0.00    8.61    0.00   34.22    0.00   21.31
11:50:10 PM    3    1.73    0.00   27.01    0.00    0.00    3.86    0.00   56.04    0.00   11.37
11:50:10 PM    4    1.55    0.00   41.69    0.00    0.00   11.04    0.00   23.53    0.00   22.19
11:50:10 PM    5    1.12    0.00   33.57    0.00    0.00   12.14    0.00   40.61    0.00   12.55
11:50:10 PM    6    1.53    0.00   32.38    0.00    0.00    8.04    0.00   43.38    0.00   14.66
11:50:10 PM    7    1.21    0.00   32.53    0.00    0.00    6.06    0.00   48.79    0.00   11.41

11:50:10 PM  CPU    %usr   %nice    %sys %iowait    %irq   %soft  %steal  %guest  %gnice   %idle
11:50:20 PM  all    1.42    0.00   33.81    0.00    0.00    8.37    0.00   39.00    0.00   17.41
11:50:20 PM    0    1.23    0.00   31.60    0.00    0.00    9.41    0.00   36.40    0.00   21.37
11:50:20 PM    1    1.42    0.00   37.02    0.00    0.00    7.91    0.00   34.18    0.00   19.47
11:50:20 PM    2    0.82    0.00   30.13    0.00    0.00    7.97    0.00   43.62    0.00   17.47
11:50:20 PM    3    1.84    0.00   32.18    0.00    0.00    4.70    0.00   46.99    0.00   14.30
11:50:20 PM    4    1.63    0.00   35.96    0.00    0.00   11.54    0.00   30.95    0.00   19.92
11:50:20 PM    5    1.23    0.00   36.75    0.00    0.00    9.11    0.00   34.70    0.00   18.22
11:50:20 PM    6    2.03    0.00   32.08    0.00    0.00   10.05    0.00   42.34    0.00   13.50
11:50:20 PM    7    1.43    0.00   34.53    0.00    0.00    6.35    0.00   42.62    0.00   15.06

11:50:20 PM  CPU    %usr   %nice    %sys %iowait    %irq   %soft  %steal  %guest  %gnice   %idle
11:50:30 PM  all    1.33    0.00   34.31    0.05    0.00    8.65    0.00   39.03    0.00   16.63
11:50:30 PM    0    1.43    0.00   34.32    0.00    0.00    6.64    0.00   39.53    0.00   18.08
11:50:30 PM    1    1.42    0.00   28.79    0.00    0.00    7.43    0.00   46.90    0.00   15.46
11:50:30 PM    2    1.43    0.00   35.61    0.31    0.00    5.82    0.00   34.49    0.00   22.35
11:50:30 PM    3    1.33    0.00   31.35    0.00    0.00    9.73    0.00   39.24    0.00   18.34
11:50:30 PM    4    1.42    0.00   37.28    0.00    0.00    7.70    0.00   38.80    0.00   14.79
11:50:30 PM    5    1.33    0.00   34.01    0.20    0.00    8.89    0.00   39.73    0.00   15.83
11:50:30 PM    6    1.22    0.00   35.30    0.00    0.00    6.10    0.00   45.37    0.00   12.00
11:50:30 PM    7    0.92    0.00   37.79    0.00    0.00   16.85    0.00   28.09    0.00   16.34

11:50:30 PM  CPU    %usr   %nice    %sys %iowait    %irq   %soft  %steal  %guest  %gnice   %idle
11:50:40 PM  all    1.54    0.00   34.38    0.01    0.00    8.25    0.00   39.11    0.00   16.70
11:50:40 PM    0    1.42    0.00   30.86    0.00    0.00    5.18    0.00   46.80    0.00   15.74
11:50:40 PM    1    1.63    0.00   31.70    0.00    0.00    7.85    0.00   41.69    0.00   17.13
11:50:40 PM    2    1.13    0.00   34.91    0.00    0.00    7.29    0.00   37.27    0.00   19.40
11:50:40 PM    3    1.53    0.00   33.94    0.00    0.00    9.99    0.00   35.37    0.00   19.16
11:50:40 PM    4    1.83    0.00   36.19    0.00    0.00    5.91    0.00   42.41    0.00   13.66
11:50:40 PM    5    1.63    0.00   32.45    0.00    0.00    9.18    0.00   39.18    0.00   17.55
11:50:40 PM    6    1.32    0.00   34.49    0.00    0.00    6.71    0.00   44.15    0.00   13.33
11:50:40 PM    7    1.65    0.00   40.74    0.00    0.00   13.89    0.00   26.03    0.00   17.70

11:50:40 PM  CPU    %usr   %nice    %sys %iowait    %irq   %soft  %steal  %guest  %gnice   %idle
11:50:50 PM  all    1.41    0.00   33.96    0.00    0.00    8.46    0.00   39.15    0.00   17.03
11:50:50 PM    0    1.03    0.00   37.54    0.00    0.00   11.59    0.00   28.21    0.00   21.64
11:50:50 PM    1    1.95    0.00   35.79    0.00    0.00    4.51    0.00   37.54    0.00   20.21
11:50:50 PM    2    1.12    0.00   31.53    0.00    0.00    5.61    0.00   47.24    0.00   14.49
11:50:50 PM    3    1.33    0.00   28.57    0.00    0.00    7.24    0.00   45.82    0.00   17.04
11:50:50 PM    4    1.34    0.00   36.42    0.00    0.00   18.11    0.00   25.31    0.00   18.83
11:50:50 PM    5    2.05    0.00   40.78    0.00    0.00    5.23    0.00   33.61    0.00   18.34
11:50:50 PM    6    1.32    0.00   29.34    0.00    0.00    6.29    0.00   50.25    0.00   12.79
11:50:50 PM    7    1.32    0.00   31.71    0.00    0.00    9.15    0.00   44.92    0.00   12.91

11:50:50 PM  CPU    %usr   %nice    %sys %iowait    %irq   %soft  %steal  %guest  %gnice   %idle
11:51:00 PM  all    1.28    0.00   33.76    0.00    0.00    8.61    0.00   39.42    0.00   16.93
11:51:00 PM    0    1.02    0.00   29.11    0.00    0.00    3.98    0.00   54.75    0.00   11.13
11:51:00 PM    1    1.43    0.00   31.45    0.00    0.00    9.63    0.00   38.11    0.00   19.36
11:51:00 PM    2    1.13    0.00   37.92    0.00    0.00   11.61    0.00   28.47    0.00   20.86
11:51:00 PM    3    1.23    0.00   32.96    0.00    0.00    6.98    0.00   36.34    0.00   22.48
11:51:00 PM    4    1.01    0.00   29.80    0.00    0.00    5.86    0.00   53.74    0.00    9.60
11:51:00 PM    5    1.83    0.00   35.88    0.00    0.00    7.54    0.00   37.82    0.00   16.92
11:51:00 PM    6    1.43    0.00   36.85    0.10    0.00   11.87    0.00   28.66    0.00   21.08
11:51:00 PM    7    1.22    0.00   36.02    0.00    0.00   11.53    0.00   37.14    0.00   14.08

11:51:00 PM  CPU    %usr   %nice    %sys %iowait    %irq   %soft  %steal  %guest  %gnice   %idle
11:51:10 PM  all    1.44    0.00   34.04    0.00    0.00    8.26    0.00   39.52    0.00   16.73
11:51:10 PM    0    1.51    0.00   32.19    0.00    0.00    3.53    0.00   55.10    0.00    7.67
11:51:10 PM    1    1.63    0.00   26.40    0.00    0.00    5.71    0.00   50.66    0.00   15.60
11:51:10 PM    2    1.65    0.00   34.88    0.00    0.00    8.44    0.00   30.35    0.00   24.69
11:51:10 PM    3    1.55    0.00   40.06    0.00    0.00    9.83    0.00   20.81    0.00   27.74
11:51:10 PM    4    1.22    0.00   26.06    0.00    0.00    4.97    0.00   57.71    0.00   10.04
11:51:10 PM    5    1.41    0.00   31.01    0.00    0.00    7.98    0.00   51.01    0.00    8.59
11:51:10 PM    6    1.12    0.00   39.69    0.00    0.00   11.12    0.00   28.98    0.00   19.08
11:51:10 PM    7    1.55    0.00   42.46    0.00    0.00   14.77    0.00   20.35    0.00   20.87

11:51:10 PM  CPU    %usr   %nice    %sys %iowait    %irq   %soft  %steal  %guest  %gnice   %idle
11:51:20 PM  all    1.47    0.00   33.87    0.00    0.00    8.49    0.00   39.23    0.00   16.95
11:51:20 PM    0    1.12    0.00   30.18    0.00    0.00    5.39    0.00   48.88    0.00   14.43
11:51:20 PM    1    1.23    0.00   37.89    0.00    0.00   12.01    0.00   25.87    0.00   23.00
11:51:20 PM    2    1.54    0.00   35.31    0.00    0.00    3.58    0.00   41.25    0.00   18.32
11:51:20 PM    3    1.53    0.00   28.69    0.00    0.00    8.44    0.00   43.03    0.00   18.31
11:51:20 PM    4    2.14    0.00   31.19    0.00    0.00    5.61    0.00   49.95    0.00   11.11
11:51:20 PM    5    0.93    0.00   38.41    0.00    0.00   13.49    0.00   24.82    0.00   22.35
11:51:20 PM    6    2.13    0.00   32.18    0.00    0.00    6.19    0.00   46.40    0.00   13.10
11:51:20 PM    7    0.92    0.00   37.15    0.00    0.00   13.10    0.00   33.57    0.00   15.25

11:51:20 PM  CPU    %usr   %nice    %sys %iowait    %irq   %soft  %steal  %guest  %gnice   %idle
11:51:30 PM  all    1.34    0.00   33.82    0.01    0.00    8.38    0.00   39.49    0.00   16.95
11:51:30 PM    0    1.73    0.00   29.53    0.00    0.00    5.60    0.00   43.89    0.00   19.25
11:51:30 PM    1    1.03    0.00   36.60    0.00    0.00    9.38    0.00   30.41    0.00   22.58
11:51:30 PM    2    1.21    0.00   27.98    0.00    0.00    5.45    0.00   53.13    0.00   12.22
11:51:30 PM    3    1.73    0.00   32.28    0.10    0.00    7.33    0.00   40.22    0.00   18.33
11:51:30 PM    4    0.92    0.00   39.39    0.00    0.00    8.16    0.00   37.86    0.00   13.67
11:51:30 PM    5    1.23    0.00   38.32    0.00    0.00   12.60    0.00   28.28    0.00   19.57
11:51:30 PM    6    1.64    0.00   30.06    0.00    0.00    7.87    0.00   46.01    0.00   14.42
11:51:30 PM    7    1.23    0.00   36.44    0.10    0.00   10.75    0.00   35.82    0.00   15.66

11:51:30 PM  CPU    %usr   %nice    %sys %iowait    %irq   %soft  %steal  %guest  %gnice   %idle
11:51:40 PM  all    1.39    0.00   34.64    0.00    0.00    8.65    0.00   39.40    0.00   15.92
11:51:40 PM    0    1.02    0.00   34.66    0.00    0.00   12.23    0.00   28.75    0.00   23.34
11:51:40 PM    1    1.44    0.00   37.35    0.00    0.00    7.30    0.00   30.66    0.00   23.25
11:51:40 PM    2    1.21    0.00   33.47    0.00    0.00    5.86    0.00   47.72    0.00   11.73
11:51:40 PM    3    1.44    0.00   32.14    0.00    0.00    6.47    0.00   42.81    0.00   17.15
11:51:40 PM    4    1.23    0.00   36.06    0.00    0.00   14.50    0.00   32.58    0.00   15.63
11:51:40 PM    5    1.64    0.00   35.99    0.00    0.00    8.79    0.00   40.39    0.00   13.19
11:51:40 PM    6    1.11    0.00   31.55    0.00    0.00    6.17    0.00   49.75    0.00   11.43
11:51:40 PM    7    1.93    0.00   36.01    0.00    0.00    8.04    0.00   42.22    0.00   11.80

11:51:40 PM  CPU    %usr   %nice    %sys %iowait    %irq   %soft  %steal  %guest  %gnice   %idle
11:51:50 PM  all    1.32    0.00   34.39    0.00    0.00    8.37    0.00   39.48    0.00   16.44
11:51:50 PM    0    1.22    0.00   37.93    0.00    0.00    6.90    0.00   35.50    0.00   18.46
11:51:50 PM    1    1.22    0.00   34.62    0.00    0.00    6.01    0.00   42.16    0.00   15.99
11:51:50 PM    2    1.02    0.00   32.18    0.00    0.00    8.68    0.00   36.57    0.00   21.55
11:51:50 PM    3    1.53    0.00   33.84    0.00    0.00    4.79    0.00   42.10    0.00   17.74
11:51:50 PM    4    1.43    0.00   36.98    0.00    0.00    8.58    0.00   36.26    0.00   16.75
11:51:50 PM    5    1.33    0.00   30.20    0.00    0.00    6.73    0.00   50.20    0.00   11.53
11:51:50 PM    6    1.12    0.00   35.17    0.00    0.00   17.48    0.00   31.90    0.00   14.31
11:51:50 PM    7    1.73    0.00   34.18    0.00    0.00    7.63    0.00   41.20    0.00   15.26

11:51:50 PM  CPU    %usr   %nice    %sys %iowait    %irq   %soft  %steal  %guest  %gnice   %idle
11:52:00 PM  all    1.39    0.00   34.09    0.00    0.00    8.57    0.00   39.24    0.00   16.70
11:52:00 PM    0    1.12    0.00   38.10    0.10    0.00    9.50    0.00   31.26    0.00   19.92
11:52:00 PM    1    1.02    0.00   34.53    0.00    0.00    8.20    0.00   38.63    0.00   17.62
11:52:00 PM    2    1.23    0.00   31.15    0.00    0.00    5.01    0.00   47.80    0.00   14.81
11:52:00 PM    3    1.32    0.00   29.09    0.00    0.00    6.71    0.00   45.07    0.00   17.80
11:52:00 PM    4    1.74    0.00   37.22    0.00    0.00    9.00    0.00   33.23    0.00   18.81
11:52:00 PM    5    1.53    0.00   31.36    0.00    0.00   12.05    0.00   40.14    0.00   14.91
11:52:00 PM    6    1.83    0.00   33.71    0.00    0.00    7.82    0.00   43.55    0.00   13.10
11:52:00 PM    7    1.32    0.00   37.58    0.00    0.00   10.39    0.00   34.01    0.00   16.70

11:52:00 PM  CPU    %usr   %nice    %sys %iowait    %irq   %soft  %steal  %guest  %gnice   %idle
11:52:10 PM  all    1.33    0.00   33.83    0.00    0.00    8.66    0.00   39.63    0.00   16.56
11:52:10 PM    0    1.32    0.00   29.54    0.00    0.00    5.99    0.00   46.19    0.00   16.95
11:52:10 PM    1    0.81    0.00   32.69    0.00    0.00    6.19    0.00   45.18    0.00   15.13
11:52:10 PM    2    1.33    0.00   36.17    0.00    0.00   11.89    0.00   26.95    0.00   23.67
11:52:10 PM    3    1.52    0.00   32.83    0.00    0.00    4.67    0.00   44.61    0.00   16.36
11:52:10 PM    4    1.73    0.00   32.72    0.00    0.00    8.05    0.00   43.43    0.00   14.07
11:52:10 PM    5    1.23    0.00   35.99    0.00    0.00   12.68    0.00   35.07    0.00   15.03
11:52:10 PM    6    1.13    0.00   38.69    0.00    0.00   15.05    0.00   30.09    0.00   15.05
11:52:10 PM    7    1.64    0.00   31.93    0.00    0.00    4.81    0.00   45.45    0.00   16.17

11:52:10 PM  CPU    %usr   %nice    %sys %iowait    %irq   %soft  %steal  %guest  %gnice   %idle
11:52:20 PM  all    1.43    0.00   33.75    0.00    0.00    8.47    0.00   39.59    0.00   16.75
11:52:20 PM    0    1.54    0.00   35.28    0.00    0.00    9.95    0.00   36.21    0.00   17.03
11:52:20 PM    1    1.12    0.00   34.93    0.00    0.00   10.93    0.00   33.71    0.00   19.31
11:52:20 PM    2    1.33    0.00   36.63    0.00    0.00    5.71    0.00   41.22    0.00   15.10
11:52:20 PM    3    1.32    0.00   31.16    0.00    0.00    4.18    0.00   47.56    0.00   15.78
11:52:20 PM    4    1.64    0.00   28.02    0.00    0.00   10.74    0.00   45.09    0.00   14.52
11:52:20 PM    5    1.43    0.00   32.86    0.00    0.00   13.72    0.00   31.73    0.00   20.27
11:52:20 PM    6    1.73    0.00   38.98    0.00    0.00    6.12    0.00   36.63    0.00   16.53
11:52:20 PM    7    1.32    0.00   32.22    0.00    0.00    6.48    0.00   44.48    0.00   15.50

11:52:20 PM  CPU    %usr   %nice    %sys %iowait    %irq   %soft  %steal  %guest  %gnice   %idle
11:52:30 PM  all    1.38    0.00   33.83    0.04    0.00    8.50    0.00   39.18    0.00   17.07
11:52:30 PM    0    1.23    0.00   29.83    0.10    0.00   10.11    0.00   40.14    0.00   18.59
11:52:30 PM    1    1.44    0.00   34.26    0.00    0.00    7.95    0.00   36.33    0.00   20.02
11:52:30 PM    2    1.12    0.00   32.86    0.00    0.00    8.67    0.00   37.35    0.00   20.00
11:52:30 PM    3    1.12    0.00   33.81    0.20    0.00    4.39    0.00   50.15    0.00   10.32
11:52:30 PM    4    1.43    0.00   35.07    0.00    0.00   12.84    0.00   32.11    0.00   18.55
11:52:30 PM    5    1.44    0.00   40.06    0.00    0.00    8.44    0.00   29.97    0.00   20.08
11:52:30 PM    6    1.43    0.00   39.24    0.00    0.00    9.94    0.00   32.07    0.00   17.32
11:52:30 PM    7    1.82    0.00   25.73    0.00    0.00    5.57    0.00   55.12    0.00   11.75

11:52:30 PM  CPU    %usr   %nice    %sys %iowait    %irq   %soft  %steal  %guest  %gnice   %idle
11:52:40 PM  all    1.38    0.00   33.44    0.01    0.00    8.53    0.00   39.91    0.00   16.72
11:52:40 PM    0    1.23    0.00   34.67    0.00    0.00    9.64    0.00   32.82    0.00   21.64
11:52:40 PM    1    1.53    0.00   33.03    0.00    0.00    5.62    0.00   43.56    0.00   16.26
11:52:40 PM    2    1.24    0.00   34.82    0.00    0.00    7.98    0.00   35.96    0.00   20.00
11:52:40 PM    3    1.22    0.00   30.65    0.00    0.00    7.74    0.00   45.82    0.00   14.56
11:52:40 PM    4    1.23    0.00   38.50    0.00    0.00   12.32    0.00   29.77    0.00   18.17
11:52:40 PM    5    1.83    0.00   29.14    0.00    0.00    6.90    0.00   49.75    0.00   12.39
11:52:40 PM    6    1.22    0.00   34.39    0.00    0.00   10.92    0.00   37.55    0.00   15.92
11:52:40 PM    7    1.42    0.00   32.55    0.00    0.00    7.22    0.00   43.74    0.00   15.06

11:52:40 PM  CPU    %usr   %nice    %sys %iowait    %irq   %soft  %steal  %guest  %gnice   %idle
11:52:50 PM  all    1.33    0.00   34.24    0.00    0.00    8.63    0.00   39.44    0.00   16.36
11:52:50 PM    0    1.33    0.00   34.80    0.00    0.00   11.09    0.00   30.29    0.00   22.48
11:52:50 PM    1    1.13    0.00   36.51    0.00    0.00    5.95    0.00   40.62    0.00   15.79
11:52:50 PM    2    1.12    0.00   32.86    0.00    0.00    4.69    0.00   46.53    0.00   14.80
11:52:50 PM    3    1.43    0.00   36.07    0.00    0.00    6.56    0.00   36.17    0.00   19.77
11:52:50 PM    4    1.02    0.00   37.46    0.00    0.00   16.99    0.00   27.64    0.00   16.89
11:52:50 PM    5    1.33    0.00   27.58    0.00    0.00    7.76    0.00   50.97    0.00   12.36
11:52:50 PM    6    1.42    0.00   28.80    0.00    0.00    7.40    0.00   52.94    0.00    9.43
11:52:50 PM    7    1.85    0.00   39.75    0.00    0.00    8.65    0.00   30.38    0.00   19.36

11:52:50 PM  CPU    %usr   %nice    %sys %iowait    %irq   %soft  %steal  %guest  %gnice   %idle
11:53:00 PM  all    1.40    0.00   34.09    0.00    0.00    8.59    0.00   39.29    0.00   16.63
11:53:00 PM    0    1.64    0.00   32.34    0.00    0.00    5.32    0.00   41.97    0.00   18.73
11:53:00 PM    1    1.32    0.00   31.67    0.00    0.00    6.01    0.00   45.01    0.00   15.99
11:53:00 PM    2    1.12    0.00   37.33    0.00    0.00    7.63    0.00   37.03    0.00   16.89
11:53:00 PM    3    1.23    0.00   30.98    0.00    0.00    9.61    0.00   39.06    0.00   19.12
11:53:00 PM    4    1.44    0.00   34.60    0.00    0.00    7.80    0.00   37.47    0.00   18.69
11:53:00 PM    5    1.62    0.00   29.73    0.00    0.00    8.49    0.00   45.70    0.00   14.46
11:53:00 PM    6    1.63    0.00   40.96    0.00    0.00   12.87    0.00   29.93    0.00   14.61
11:53:00 PM    7    1.42    0.00   35.03    0.00    0.00   11.07    0.00   37.77    0.00   14.72

11:53:00 PM  CPU    %usr   %nice    %sys %iowait    %irq   %soft  %steal  %guest  %gnice   %idle
11:53:10 PM  all    1.42    0.00   33.92    0.01    0.00    8.48    0.00   39.39    0.00   16.78
11:53:10 PM    0    1.43    0.00   32.31    0.00    0.00    7.16    0.00   39.98    0.00   19.12
11:53:10 PM    1    1.53    0.00   31.80    0.00    0.00    8.90    0.00   39.67    0.00   18.10
11:53:10 PM    2    1.54    0.00   28.15    0.00    0.00    5.53    0.00   48.21    0.00   16.58
11:53:10 PM    3    1.54    0.00   37.31    0.00    0.00    9.66    0.00   30.32    0.00   21.17
11:53:10 PM    4    1.01    0.00   33.37    0.10    0.00    7.61    0.00   46.65    0.00   11.26
11:53:10 PM    5    1.43    0.00   37.90    0.00    0.00   10.11    0.00   33.81    0.00   16.75
11:53:10 PM    6    1.12    0.00   34.11    0.00    0.00    8.66    0.00   44.20    0.00   11.91
11:53:10 PM    7    1.75    0.00   36.46    0.00    0.00   10.20    0.00   32.34    0.00   19.26

11:53:10 PM  CPU    %usr   %nice    %sys %iowait    %irq   %soft  %steal  %guest  %gnice   %idle
11:53:20 PM  all    1.44    0.00   34.16    0.00    0.00    8.33    0.00   39.08    0.00   16.99
11:53:20 PM    0    1.02    0.00   35.13    0.00    0.00    7.61    0.00   40.41    0.00   15.84
11:53:20 PM    1    1.33    0.00   38.61    0.00    0.00    8.99    0.00   26.56    0.00   24.51
11:53:20 PM    2    1.02    0.00   37.00    0.00    0.00    5.81    0.00   39.45    0.00   16.72
11:53:20 PM    3    1.73    0.00   29.46    0.00    0.00    7.03    0.00   43.63    0.00   18.14
11:53:20 PM    4    2.03    0.00   28.77    0.00    0.00    6.48    0.00   50.15    0.00   12.56
11:53:20 PM    5    1.55    0.00   39.94    0.00    0.00   12.90    0.00   24.56    0.00   21.05
11:53:20 PM    6    1.63    0.00   29.77    0.00    0.00    8.77    0.00   45.57    0.00   14.27
11:53:20 PM    7    1.43    0.00   34.86    0.00    0.00    9.07    0.00   41.79    0.00   12.84

11:53:20 PM  CPU    %usr   %nice    %sys %iowait    %irq   %soft  %steal  %guest  %gnice   %idle
11:53:30 PM  all    1.42    0.00   33.87    0.03    0.00    8.57    0.00   39.57    0.00   16.56
11:53:30 PM    0    1.33    0.00   33.81    0.10    0.00    9.63    0.00   35.76    0.00   19.36
11:53:30 PM    1    0.81    0.00   32.66    0.00    0.00   10.38    0.00   44.05    0.00   12.10
11:53:30 PM    2    1.64    0.00   30.67    0.10    0.00    3.58    0.00   46.93    0.00   17.08
11:53:30 PM    3    1.24    0.00   33.99    0.00    0.00    8.14    0.00   32.75    0.00   23.89
11:53:30 PM    4    1.44    0.00   42.92    0.00    0.00   12.73    0.00   25.46    0.00   17.45
11:53:30 PM    5    1.63    0.00   24.39    0.00    0.00    5.79    0.00   56.30    0.00   11.89
11:53:30 PM    6    1.42    0.00   30.76    0.00    0.00    3.05    0.00   53.60    0.00   11.17
11:53:30 PM    7    1.54    0.00   41.93    0.00    0.00   15.21    0.00   21.48    0.00   19.84

11:53:30 PM  CPU    %usr   %nice    %sys %iowait    %irq   %soft  %steal  %guest  %gnice   %idle
11:53:40 PM  all    1.36    0.00   33.89    0.01    0.00    8.76    0.00   39.29    0.00   16.67
11:53:40 PM    0    1.02    0.00   38.09    0.10    0.00   10.08    0.00   29.23    0.00   21.49
11:53:40 PM    1    1.12    0.00   28.30    0.00    0.00    5.38    0.00   53.75    0.00   11.46
11:53:40 PM    2    1.73    0.00   31.33    0.00    0.00    7.45    0.00   41.02    0.00   18.47
11:53:40 PM    3    1.63    0.00   30.65    0.00    0.00    5.80    0.00   41.55    0.00   20.37
11:53:40 PM    4    1.54    0.00   46.40    0.00    0.00   13.37    0.00   18.21    0.00   20.47
11:53:40 PM    5    1.02    0.00   31.00    0.00    0.00   11.38    0.00   42.89    0.00   13.72
11:53:40 PM    6    1.42    0.00   30.42    0.00    0.00    7.83    0.00   46.29    0.00   14.04
11:53:40 PM    7    1.22    0.00   35.10    0.00    0.00    8.85    0.00   41.20    0.00   13.63

11:53:40 PM  CPU    %usr   %nice    %sys %iowait    %irq   %soft  %steal  %guest  %gnice   %idle
11:53:50 PM  all    1.38    0.00   34.13    0.00    0.00    8.37    0.00   39.49    0.00   16.63
11:53:50 PM    0    1.32    0.00   32.59    0.00    0.00    7.21    0.00   41.93    0.00   16.95
11:53:50 PM    1    0.92    0.00   29.52    0.00    0.00    3.88    0.00   50.87    0.00   14.81
11:53:50 PM    2    1.64    0.00   32.62    0.00    0.00    6.67    0.00   40.41    0.00   18.67
11:53:50 PM    3    1.34    0.00   38.64    0.00    0.00    7.91    0.00   29.50    0.00   22.61
11:53:50 PM    4    1.43    0.00   35.44    0.00    0.00   11.64    0.00   34.32    0.00   17.16
11:53:50 PM    5    1.42    0.00   29.82    0.00    0.00   11.05    0.00   48.28    0.00    9.43
11:53:50 PM    6    1.63    0.00   33.50    0.00    0.00    8.48    0.00   41.47    0.00   14.91
11:53:50 PM    7    1.65    0.00   41.01    0.00    0.00   10.12    0.00   28.72    0.00   18.49

11:53:50 PM  CPU    %usr   %nice    %sys %iowait    %irq   %soft  %steal  %guest  %gnice   %idle
11:54:00 PM  all    1.33    0.00   34.04    0.00    0.00    8.54    0.00   39.47    0.00   16.63
11:54:00 PM    0    1.42    0.00   30.82    0.00    0.00    5.19    0.00   47.41    0.00   15.16
11:54:00 PM    1    1.93    0.00   31.85    0.00    0.00    5.98    0.00   46.35    0.00   13.89
11:54:00 PM    2    1.22    0.00   34.29    0.00    0.00   10.20    0.00   32.04    0.00   22.24
11:54:00 PM    3    1.14    0.00   36.05    0.00    0.00   10.23    0.00   32.23    0.00   20.35
11:54:00 PM    4    1.12    0.00   29.91    0.00    0.00    7.43    0.00   47.20    0.00   14.34
11:54:00 PM    5    1.32    0.00   30.70    0.00    0.00    5.27    0.00   51.87    0.00   10.84
11:54:00 PM    6    1.13    0.00   42.45    0.00    0.00   13.26    0.00   22.61    0.00   20.55
11:54:00 PM    7    1.23    0.00   36.37    0.00    0.00   10.96    0.00   35.76    0.00   15.68

11:54:00 PM  CPU    %usr   %nice    %sys %iowait    %irq   %soft  %steal  %guest  %gnice   %idle
11:54:10 PM  all    1.21    0.00   30.54    0.00    0.00    7.72    0.00   36.16    0.00   24.36
11:54:10 PM    0    1.12    0.00   30.93    0.00    0.00    6.41    0.00   35.71    0.00   25.84
11:54:10 PM    1    1.24    0.00   32.71    0.00    0.00   11.66    0.00   25.08    0.00   29.31
11:54:10 PM    2    1.53    0.00   24.34    0.00    0.00    3.67    0.00   45.93    0.00   24.54
11:54:10 PM    3    1.12    0.00   30.39    0.00    0.00    6.40    0.00   33.64    0.00   28.46
11:54:10 PM    4    1.32    0.00   25.94    0.00    0.00    4.37    0.00   46.90    0.00   21.46
11:54:10 PM    5    0.93    0.00   38.21    0.00    0.00   13.08    0.00   19.16    0.00   28.63
11:54:10 PM    6    1.01    0.00   32.69    0.00    0.00   10.39    0.00   38.85    0.00   17.05
11:54:10 PM    7    1.32    0.00   29.31    0.00    0.00    5.88    0.00   43.61    0.00   19.88

Average:     CPU    %usr   %nice    %sys %iowait    %irq   %soft  %steal  %guest  %gnice   %idle
Average:     all    1.38    0.00   33.89    0.01    0.00    8.47    0.00   39.24    0.00   17.01
Average:       0    1.26    0.00   33.04    0.02    0.00    7.69    0.00   40.07    0.00   17.91
Average:       1    1.30    0.00   33.34    0.00    0.00    7.91    0.00   38.98    0.00   18.46
Average:       2    1.29    0.00   33.39    0.02    0.00    6.89    0.00   39.80    0.00   18.61
Average:       3    1.44    0.00   33.06    0.02    0.00    7.11    0.00   39.66    0.00   18.71
Average:       4    1.44    0.00   34.54    0.01    0.00    9.55    0.00   38.55    0.00   15.91
Average:       5    1.42    0.00   34.23    0.01    0.00    9.92    0.00   38.39    0.00   16.03
Average:       6    1.44    0.00   34.00    0.00    0.00    9.17    0.00   40.78    0.00   14.61
Average:       7    1.46    0.00   35.48    0.00    0.00    9.54    0.00   37.68    0.00   15.84
