Linux 3.19.5-200.fc21.x86_64 (bark) 	07/24/2015 	_x86_64_	(8 CPU)

10:32:06 PM  CPU    %usr   %nice    %sys %iowait    %irq   %soft  %steal  %guest  %gnice   %idle
10:32:16 PM  all    3.81    0.00   22.35    0.00    0.00    3.35    0.00   26.28    0.00   44.22
10:32:16 PM    0    2.52    0.00   17.64    0.00    0.00    4.33    0.00   15.83    0.00   59.68
10:32:16 PM    1    2.21    0.00   17.61    0.00    0.00    6.24    0.00   18.91    0.00   55.03
10:32:16 PM    2    3.20    0.00   18.52    0.00    0.00    2.70    0.00   22.62    0.00   52.95
10:32:16 PM    3    3.32    0.00   21.31    0.00    0.00    5.43    0.00   27.64    0.00   42.31
10:32:16 PM    4    5.03    0.00   27.36    0.00    0.00    1.31    0.00   30.08    0.00   36.22
10:32:16 PM    5    3.92    0.00   22.51    0.00    0.00    3.82    0.00   29.05    0.00   40.70
10:32:16 PM    6    5.62    0.00   29.09    0.00    0.00    1.60    0.00   36.21    0.00   27.48
10:32:16 PM    7    4.44    0.00   24.70    0.00    0.00    1.51    0.00   30.04    0.00   39.31

10:32:16 PM  CPU    %usr   %nice    %sys %iowait    %irq   %soft  %steal  %guest  %gnice   %idle
10:32:26 PM  all    3.70    0.00   21.92    0.05    0.00    3.29    0.00   25.53    0.00   45.51
10:32:26 PM    0    4.20    0.00   23.22    0.00    0.00    3.40    0.00   29.23    0.00   39.94
10:32:26 PM    1    2.92    0.00   17.81    0.20    0.00    2.82    0.00   17.61    0.00   58.65
10:32:26 PM    2    2.10    0.00   16.33    0.20    0.00    8.82    0.00   13.33    0.00   59.22
10:32:26 PM    3    3.51    0.00   20.68    0.00    0.00    3.21    0.00   23.80    0.00   48.80
10:32:26 PM    4    4.92    0.00   29.55    0.00    0.00    0.80    0.00   32.56    0.00   32.16
10:32:26 PM    5    3.71    0.00   20.96    0.00    0.00    2.51    0.00   30.09    0.00   42.73
10:32:26 PM    6    5.52    0.00   27.61    0.00    0.00    1.41    0.00   40.36    0.00   25.10
10:32:26 PM    7    2.82    0.00   19.22    0.00    0.00    3.22    0.00   17.20    0.00   57.55

10:32:26 PM  CPU    %usr   %nice    %sys %iowait    %irq   %soft  %steal  %guest  %gnice   %idle
10:32:36 PM  all    3.75    0.00   21.55    0.03    0.00    3.19    0.00   25.61    0.00   45.87
10:32:36 PM    0    3.23    0.00   18.47    0.00    0.00    2.72    0.00   19.98    0.00   55.60
10:32:36 PM    1    2.32    0.00   16.73    0.00    0.00    2.82    0.00   17.14    0.00   60.99
10:32:36 PM    2    2.12    0.00   15.32    0.20    0.00    3.83    0.00   15.12    0.00   63.41
10:32:36 PM    3    2.33    0.00   19.94    0.00    0.00   10.02    0.00   17.61    0.00   50.10
10:32:36 PM    4    4.21    0.00   23.75    0.00    0.00    1.10    0.00   26.65    0.00   44.29
10:32:36 PM    5    4.82    0.00   25.33    0.00    0.00    2.31    0.00   26.53    0.00   41.01
10:32:36 PM    6    5.22    0.00   24.80    0.00    0.00    2.51    0.00   32.53    0.00   34.94
10:32:36 PM    7    5.72    0.00   27.91    0.00    0.00    0.40    0.00   49.10    0.00   16.87

10:32:36 PM  CPU    %usr   %nice    %sys %iowait    %irq   %soft  %steal  %guest  %gnice   %idle
10:32:46 PM  all    3.92    0.00   23.40    0.00    0.00    3.58    0.00   26.64    0.00   42.46
10:32:46 PM    0    2.61    0.00   17.79    0.00    0.00    5.23    0.00   13.07    0.00   61.31
10:32:46 PM    1    2.11    0.00   14.59    0.00    0.00    5.03    0.00    9.36    0.00   68.91
10:32:46 PM    2    3.90    0.00   23.32    0.00    0.00    2.80    0.00   23.42    0.00   46.55
10:32:46 PM    3    2.00    0.00   17.54    0.00    0.00    9.42    0.00    9.02    0.00   62.02
10:32:46 PM    4    5.43    0.00   29.35    0.00    0.00    2.41    0.00   38.19    0.00   24.62
10:32:46 PM    5    5.92    0.00   31.22    0.00    0.00    0.00    0.00   59.34    0.00    3.51
10:32:46 PM    6    2.81    0.00   20.00    0.00    0.00    3.02    0.00   18.09    0.00   56.08
10:32:46 PM    7    6.74    0.00   33.30    0.00    0.00    0.70    0.00   42.66    0.00   16.60

10:32:46 PM  CPU    %usr   %nice    %sys %iowait    %irq   %soft  %steal  %guest  %gnice   %idle
10:32:56 PM  all    3.73    0.00   21.43    0.03    0.00    3.31    0.00   24.61    0.00   46.89
10:32:56 PM    0    3.32    0.00   19.84    0.00    0.00    4.93    0.00   22.66    0.00   49.24
10:32:56 PM    1    3.52    0.00   20.04    0.30    0.00    2.01    0.00   20.14    0.00   53.98
10:32:56 PM    2    2.91    0.00   20.48    0.00    0.00    3.61    0.00   19.38    0.00   53.61
10:32:56 PM    3    2.71    0.00   15.68    0.00    0.00    2.61    0.00   16.58    0.00   62.41
10:32:56 PM    4    4.52    0.00   23.90    0.00    0.00    3.92    0.00   27.41    0.00   40.26
10:32:56 PM    5    4.62    0.00   25.03    0.00    0.00    2.41    0.00   30.35    0.00   37.59
10:32:56 PM    6    3.91    0.00   23.77    0.00    0.00    4.71    0.00   23.57    0.00   44.03
10:32:56 PM    7    4.00    0.00   22.80    0.00    0.00    2.20    0.00   36.90    0.00   34.10

10:32:56 PM  CPU    %usr   %nice    %sys %iowait    %irq   %soft  %steal  %guest  %gnice   %idle
10:33:06 PM  all    3.78    0.00   21.59    0.03    0.00    2.99    0.00   25.49    0.00   46.13
10:33:06 PM    0    2.41    0.00   17.30    0.00    0.00    4.63    0.00   13.58    0.00   62.07
10:33:06 PM    1    2.81    0.00   16.65    0.00    0.00    3.71    0.00   16.75    0.00   60.08
10:33:06 PM    2    3.03    0.00   19.17    0.00    0.00    6.46    0.00   16.35    0.00   54.99
10:33:06 PM    3    3.21    0.00   20.46    0.00    0.00    2.31    0.00   18.05    0.00   55.97
10:33:06 PM    4    4.19    0.00   24.03    0.20    0.00    1.79    0.00   23.23    0.00   46.56
10:33:06 PM    5    6.45    0.00   28.70    0.00    0.00    0.00    0.00   61.73    0.00    3.12
10:33:06 PM    6    4.53    0.00   24.75    0.00    0.00    2.52    0.00   33.80    0.00   34.41
10:33:06 PM    7    3.81    0.00   21.64    0.00    0.00    2.71    0.00   20.24    0.00   51.60

10:33:06 PM  CPU    %usr   %nice    %sys %iowait    %irq   %soft  %steal  %guest  %gnice   %idle
10:33:16 PM  all    3.73    0.00   21.24    0.00    0.00    3.06    0.00   25.02    0.00   46.95
10:33:16 PM    0    3.72    0.00   20.00    0.00    0.00    1.81    0.00   21.51    0.00   52.96
10:33:16 PM    1    2.21    0.00   16.98    0.00    0.00    6.43    0.00   14.07    0.00   60.30
10:33:16 PM    2    2.11    0.00   14.84    0.00    0.00    4.41    0.00   14.54    0.00   64.09
10:33:16 PM    3    3.21    0.00   18.64    0.00    0.00    3.01    0.00   20.64    0.00   54.51
10:33:16 PM    4    3.22    0.00   19.92    0.00    0.00    5.03    0.00   19.92    0.00   51.91
10:33:16 PM    5    4.81    0.00   27.58    0.00    0.00    1.71    0.00   32.90    0.00   33.00
10:33:16 PM    6    5.34    0.00   26.89    0.00    0.00    0.50    0.00   48.54    0.00   18.73
10:33:16 PM    7    5.32    0.00   25.00    0.00    0.00    1.51    0.00   28.11    0.00   40.06

10:33:16 PM  CPU    %usr   %nice    %sys %iowait    %irq   %soft  %steal  %guest  %gnice   %idle
10:33:26 PM  all    3.93    0.00   21.79    0.11    0.00    3.40    0.00   25.52    0.00   45.25
10:33:26 PM    0    3.51    0.00   20.24    0.20    0.00    4.11    0.00   18.94    0.00   53.01
10:33:26 PM    1    2.12    0.00   16.13    0.00    0.00    4.94    0.00   10.79    0.00   66.03
10:33:26 PM    2    2.01    0.00   15.98    0.00    0.00    6.83    0.00   10.35    0.00   64.82
10:33:26 PM    3    3.92    0.00   20.68    0.00    0.00    4.42    0.00   22.59    0.00   48.39
10:33:26 PM    4    4.71    0.00   24.27    0.50    0.00    2.51    0.00   28.69    0.00   39.32
10:33:26 PM    5    4.22    0.00   24.02    0.00    0.00    1.81    0.00   27.64    0.00   42.31
10:33:26 PM    6    5.73    0.00   28.57    0.00    0.00    0.50    0.00   56.54    0.00    8.65
10:33:26 PM    7    4.85    0.00   24.44    0.20    0.00    2.12    0.00   28.89    0.00   39.49

10:33:26 PM  CPU    %usr   %nice    %sys %iowait    %irq   %soft  %steal  %guest  %gnice   %idle
10:33:36 PM  all    3.87    0.00   21.32    0.04    0.00    3.09    0.00   25.79    0.00   45.90
10:33:36 PM    0    2.92    0.00   17.00    0.00    0.00    4.12    0.00   14.89    0.00   61.07
10:33:36 PM    1    3.12    0.00   16.88    0.00    0.00    3.22    0.00   20.50    0.00   56.28
10:33:36 PM    2    3.10    0.00   18.60    0.00    0.00    2.80    0.00   22.20    0.00   53.30
10:33:36 PM    3    2.52    0.00   16.43    0.00    0.00    4.33    0.00   20.26    0.00   56.45
10:33:36 PM    4    4.93    0.00   27.29    0.00    0.00    2.01    0.00   31.92    0.00   33.84
10:33:36 PM    5    5.82    0.00   29.09    0.00    0.00    1.30    0.00   40.12    0.00   23.67
10:33:36 PM    6    2.61    0.00   17.37    0.00    0.00    5.52    0.00   16.97    0.00   57.53
10:33:36 PM    7    6.04    0.00   27.79    0.30    0.00    1.41    0.00   39.38    0.00   25.08

10:33:36 PM  CPU    %usr   %nice    %sys %iowait    %irq   %soft  %steal  %guest  %gnice   %idle
10:33:46 PM  all    3.77    0.00   22.36    0.00    0.00    3.21    0.00   25.69    0.00   44.97
10:33:46 PM    0    3.23    0.00   20.48    0.00    0.00    3.73    0.00   19.98    0.00   52.57
10:33:46 PM    1    2.42    0.00   17.93    0.00    0.00    3.22    0.00   13.60    0.00   62.84
10:33:46 PM    2    2.32    0.00   17.12    0.00    0.00    5.54    0.00   15.71    0.00   59.32
10:33:46 PM    3    2.50    0.00   18.72    0.00    0.00    6.91    0.00   17.12    0.00   54.75
10:33:46 PM    4    5.43    0.00   26.46    0.00    0.00    1.81    0.00   43.06    0.00   23.24
10:33:46 PM    5    4.12    0.00   22.29    0.00    0.00    1.61    0.00   33.53    0.00   38.45
10:33:46 PM    6    4.13    0.00   23.39    0.00    0.00    1.41    0.00   26.81    0.00   44.25
10:33:46 PM    7    5.81    0.00   32.57    0.00    0.00    1.30    0.00   35.77    0.00   24.55

10:33:46 PM  CPU    %usr   %nice    %sys %iowait    %irq   %soft  %steal  %guest  %gnice   %idle
10:33:56 PM  all    3.72    0.00   21.53    0.01    0.00    3.44    0.00   24.94    0.00   46.36
10:33:56 PM    0    3.23    0.00   19.98    0.00    0.00    4.44    0.00   21.90    0.00   50.45
10:33:56 PM    1    2.83    0.00   16.85    0.10    0.00    1.51    0.00   18.67    0.00   60.04
10:33:56 PM    2    3.62    0.00   20.30    0.00    0.00    7.04    0.00   22.21    0.00   46.83
10:33:56 PM    3    2.60    0.00   18.40    0.00    0.00    3.80    0.00   14.10    0.00   61.10
10:33:56 PM    4    3.51    0.00   21.97    0.00    0.00    3.61    0.00   21.46    0.00   49.45
10:33:56 PM    5    5.53    0.00   26.56    0.00    0.00    0.20    0.00   50.70    0.00   17.00
10:33:56 PM    6    4.52    0.00   23.29    0.00    0.00    4.22    0.00   24.20    0.00   43.78
10:33:56 PM    7    4.21    0.00   24.87    0.00    0.00    2.71    0.00   26.18    0.00   42.03

10:33:56 PM  CPU    %usr   %nice    %sys %iowait    %irq   %soft  %steal  %guest  %gnice   %idle
10:34:06 PM  all    3.74    0.00   21.70    0.03    0.00    3.43    0.00   25.94    0.00   45.17
10:34:06 PM    0    3.12    0.00   19.80    0.00    0.00    4.52    0.00   20.10    0.00   52.46
10:34:06 PM    1    1.91    0.00   14.99    0.00    0.00    7.04    0.00   12.78    0.00   63.28
10:34:06 PM    2    3.61    0.00   22.24    0.00    0.00    5.81    0.00   22.24    0.00   46.09
10:34:06 PM    3    2.42    0.00   16.63    0.10    0.00    2.82    0.00   13.91    0.00   64.11
10:34:06 PM    4    3.70    0.00   21.72    0.00    0.00    3.10    0.00   28.43    0.00   43.04
10:34:06 PM    5    5.11    0.00   26.05    0.00    0.00    1.50    0.00   43.79    0.00   23.55
10:34:06 PM    6    5.83    0.00   28.54    0.00    0.00    1.31    0.00   36.88    0.00   27.44
10:34:06 PM    7    4.23    0.00   23.67    0.00    0.00    1.31    0.00   29.10    0.00   41.69

10:34:06 PM  CPU    %usr   %nice    %sys %iowait    %irq   %soft  %steal  %guest  %gnice   %idle
10:34:16 PM  all    3.80    0.00   22.29    0.08    0.00    3.37    0.00   26.57    0.00   43.90
10:34:16 PM    0    2.22    0.00   16.92    0.40    0.00    7.05    0.00   16.52    0.00   56.90
10:34:16 PM    1    2.81    0.00   18.04    0.00    0.00    2.40    0.00   20.34    0.00   56.41
10:34:16 PM    2    2.21    0.00   16.28    0.00    0.00    5.13    0.00   16.88    0.00   59.50
10:34:16 PM    3    2.72    0.00   18.85    0.20    0.00    4.44    0.00   19.56    0.00   54.23
10:34:16 PM    4    7.55    0.00   35.11    0.00    0.00    0.20    0.00   47.79    0.00    9.36
10:34:16 PM    5    4.24    0.00   22.70    0.00    0.00    1.41    0.00   31.38    0.00   40.26
10:34:16 PM    6    3.41    0.00   21.24    0.00    0.00    4.01    0.00   29.56    0.00   41.78
10:34:16 PM    7    5.22    0.00   29.19    0.00    0.00    2.31    0.00   30.69    0.00   32.60

10:34:16 PM  CPU    %usr   %nice    %sys %iowait    %irq   %soft  %steal  %guest  %gnice   %idle
10:34:26 PM  all    3.93    0.00   22.12    0.14    0.00    3.41    0.00   25.62    0.00   44.78
10:34:26 PM    0    3.50    0.00   20.82    0.00    0.00    4.30    0.00   23.32    0.00   48.05
10:34:26 PM    1    3.22    0.00   17.30    0.00    0.00    2.92    0.00   24.45    0.00   52.11
10:34:26 PM    2    2.52    0.00   18.25    1.11    0.00    4.54    0.00   12.70    0.00   60.89
10:34:26 PM    3    2.59    0.00   18.86    0.00    0.00    6.89    0.00   15.57    0.00   56.09
10:34:26 PM    4    2.41    0.00   16.87    0.00    0.00    3.51    0.00   12.75    0.00   64.46
10:34:26 PM    5    4.82    0.00   25.00    0.00    0.00    1.61    0.00   36.75    0.00   31.83
10:34:26 PM    6    6.53    0.00   31.73    0.00    0.00    0.90    0.00   38.35    0.00   22.49
10:34:26 PM    7    5.75    0.00   28.23    0.00    0.00    2.72    0.00   41.13    0.00   22.18

10:34:26 PM  CPU    %usr   %nice    %sys %iowait    %irq   %soft  %steal  %guest  %gnice   %idle
10:34:36 PM  all    3.83    0.00   21.46    0.03    0.00    3.19    0.00   25.19    0.00   46.31
10:34:36 PM    0    2.42    0.00   16.82    0.00    0.00    5.84    0.00   15.31    0.00   59.62
10:34:36 PM    1    2.99    0.00   18.76    0.00    0.00    3.49    0.00   16.87    0.00   57.88
10:34:36 PM    2    3.20    0.00   19.92    0.20    0.00    4.60    0.00   17.82    0.00   54.25
10:34:36 PM    3    2.52    0.00   16.72    0.00    0.00    3.93    0.00   16.21    0.00   60.62
10:34:36 PM    4    5.62    0.00   28.99    0.00    0.00    0.20    0.00   57.37    0.00    7.82
10:34:36 PM    5    4.41    0.00   20.96    0.00    0.00    2.01    0.00   25.88    0.00   46.74
10:34:36 PM    6    6.12    0.00   28.28    0.00    0.00    0.90    0.00   33.70    0.00   30.99
10:34:36 PM    7    3.38    0.00   21.09    0.00    0.00    4.58    0.00   18.31    0.00   52.64

10:34:36 PM  CPU    %usr   %nice    %sys %iowait    %irq   %soft  %steal  %guest  %gnice   %idle
10:34:46 PM  all    3.51    0.00   21.22    0.03    0.00    3.41    0.00   24.78    0.00   47.06
10:34:46 PM    0    1.91    0.00   13.96    0.20    0.00    7.43    0.00   12.45    0.00   64.06
10:34:46 PM    1    2.72    0.00   18.41    0.00    0.00    3.32    0.00   15.59    0.00   59.96
10:34:46 PM    2    2.20    0.00   16.77    0.00    0.00    8.18    0.00   12.97    0.00   59.88
10:34:46 PM    3    2.52    0.00   18.53    0.10    0.00    1.51    0.00   17.12    0.00   60.22
10:34:46 PM    4    4.51    0.00   24.35    0.00    0.00    2.30    0.00   46.59    0.00   22.24
10:34:46 PM    5    4.10    0.00   23.32    0.00    0.00    1.10    0.00   26.43    0.00   45.05
10:34:46 PM    6    5.80    0.00   32.20    0.00    0.00    1.60    0.00   38.20    0.00   22.20
10:34:46 PM    7    4.32    0.00   22.01    0.00    0.00    1.91    0.00   28.84    0.00   42.91

10:34:46 PM  CPU    %usr   %nice    %sys %iowait    %irq   %soft  %steal  %guest  %gnice   %idle
10:34:56 PM  all    3.73    0.00   21.24    0.03    0.00    2.98    0.00   25.05    0.00   46.97
10:34:56 PM    0    4.01    0.00   21.94    0.20    0.00    4.41    0.00   27.96    0.00   41.48
10:34:56 PM    1    2.82    0.00   16.70    0.00    0.00    2.72    0.00   15.79    0.00   61.97
10:34:56 PM    2    2.71    0.00   17.77    0.00    0.00    3.82    0.00   16.77    0.00   58.94
10:34:56 PM    3    3.01    0.00   17.77    0.00    0.00    2.31    0.00   20.38    0.00   56.53
10:34:56 PM    4    3.02    0.00   20.60    0.00    0.00    6.53    0.00   20.00    0.00   49.85
10:34:56 PM    5    2.51    0.00   18.36    0.00    0.00    2.91    0.00   17.05    0.00   59.18
10:34:56 PM    6    5.95    0.00   29.13    0.00    0.00    0.60    0.00   37.20    0.00   27.12
10:34:56 PM    7    5.84    0.00   27.77    0.00    0.00    0.50    0.00   45.37    0.00   20.52

10:34:56 PM  CPU    %usr   %nice    %sys %iowait    %irq   %soft  %steal  %guest  %gnice   %idle
10:35:06 PM  all    3.78    0.00   21.31    0.04    0.00    3.12    0.00   25.07    0.00   46.69
10:35:06 PM    0    3.82    0.00   21.01    0.00    0.00    3.62    0.00   29.05    0.00   42.51
10:35:06 PM    1    1.92    0.00   12.83    0.30    0.00    1.92    0.00    8.69    0.00   74.34
10:35:06 PM    2    2.51    0.00   17.23    0.00    0.00    8.02    0.00   13.83    0.00   58.42
10:35:06 PM    3    3.72    0.00   20.30    0.00    0.00    3.52    0.00   24.32    0.00   48.14
10:35:06 PM    4    3.44    0.00   21.13    0.00    0.00    2.93    0.00   21.94    0.00   50.56
10:35:06 PM    5    3.90    0.00   21.60    0.00    0.00    0.70    0.00   28.80    0.00   45.00
10:35:06 PM    6    6.45    0.00   31.12    0.00    0.00    0.30    0.00   42.40    0.00   19.74
10:35:06 PM    7    4.82    0.00   25.30    0.00    0.00    3.82    0.00   31.22    0.00   34.84

10:35:06 PM  CPU    %usr   %nice    %sys %iowait    %irq   %soft  %steal  %guest  %gnice   %idle
10:35:16 PM  all    3.72    0.00   21.65    0.00    0.00    3.43    0.00   25.49    0.00   45.71
10:35:16 PM    0    2.12    0.00   16.25    0.00    0.00    8.07    0.00   12.11    0.00   61.45
10:35:16 PM    1    2.21    0.00   15.56    0.00    0.00    5.02    0.00   15.56    0.00   61.65
10:35:16 PM    2    3.40    0.00   21.60    0.00    0.00    2.10    0.00   19.50    0.00   53.40
10:35:16 PM    3    2.11    0.00   15.68    0.00    0.00    4.92    0.00   14.87    0.00   62.41
10:35:16 PM    4    5.93    0.00   30.55    0.00    0.00    1.51    0.00   38.49    0.00   23.52
10:35:16 PM    5    5.72    0.00   26.88    0.00    0.00    0.30    0.00   47.04    0.00   20.06
10:35:16 PM    6    3.02    0.00   19.23    0.00    0.00    2.42    0.00   17.12    0.00   58.21
10:35:16 PM    7    5.04    0.00   27.32    0.00    0.00    3.23    0.00   39.31    0.00   25.10

10:35:16 PM  CPU    %usr   %nice    %sys %iowait    %irq   %soft  %steal  %guest  %gnice   %idle
10:35:26 PM  all    3.71    0.00   21.79    0.14    0.00    3.29    0.00   25.77    0.00   45.30
10:35:26 PM    0    2.91    0.00   18.07    0.70    0.00    3.71    0.00   15.06    0.00   59.54
10:35:26 PM    1    3.43    0.00   19.35    0.00    0.00    3.73    0.00   21.07    0.00   52.42
10:35:26 PM    2    3.82    0.00   21.59    0.00    0.00    2.31    0.00   24.40    0.00   47.89
10:35:26 PM    3    2.11    0.00   17.15    0.10    0.00    6.42    0.00   13.04    0.00   61.18
10:35:26 PM    4    4.03    0.00   25.18    0.30    0.00    2.22    0.00   27.69    0.00   40.58
10:35:26 PM    5    6.24    0.00   30.01    0.00    0.00    0.00    0.00   61.93    0.00    1.81
10:35:26 PM    6    1.41    0.00   13.00    0.00    0.00    7.26    0.00    7.86    0.00   70.46
10:35:26 PM    7    5.82    0.00   29.92    0.00    0.00    0.50    0.00   35.14    0.00   28.61

10:35:26 PM  CPU    %usr   %nice    %sys %iowait    %irq   %soft  %steal  %guest  %gnice   %idle
10:35:36 PM  all    3.74    0.00   21.45    0.11    0.00    3.37    0.00   25.19    0.00   46.14
10:35:36 PM    0    3.32    0.00   20.00    0.90    0.00    5.13    0.00   18.59    0.00   52.06
10:35:36 PM    1    2.62    0.00   17.94    0.00    0.00    5.65    0.00   15.83    0.00   57.96
10:35:36 PM    2    2.32    0.00   14.80    0.00    0.00    3.63    0.00   12.79    0.00   66.47
10:35:36 PM    3    3.12    0.00   19.52    0.00    0.00    2.92    0.00   18.81    0.00   55.63
10:35:36 PM    4    3.70    0.00   22.70    0.00    0.00    6.00    0.00   24.10    0.00   43.50
10:35:36 PM    5    4.94    0.00   25.91    0.00    0.00    0.91    0.00   40.42    0.00   27.82
10:35:36 PM    6    5.91    0.00   28.06    0.00    0.00    0.60    0.00   47.70    0.00   17.74
10:35:36 PM    7    4.02    0.00   22.61    0.00    0.00    2.21    0.00   23.12    0.00   48.04

10:35:36 PM  CPU    %usr   %nice    %sys %iowait    %irq   %soft  %steal  %guest  %gnice   %idle
10:35:46 PM  all    3.89    0.00   22.06    0.00    0.00    3.45    0.00   25.68    0.00   44.92
10:35:46 PM    0    3.51    0.00   20.68    0.00    0.00    3.92    0.00   21.18    0.00   50.70
10:35:46 PM    1    1.91    0.00   15.66    0.00    0.00    4.32    0.00   12.45    0.00   65.66
10:35:46 PM    2    5.23    0.00   25.05    0.00    0.00    1.71    0.00   34.00    0.00   34.00
10:35:46 PM    3    3.70    0.00   21.60    0.00    0.00    3.60    0.00   21.50    0.00   49.60
10:35:46 PM    4    4.51    0.00   23.45    0.00    0.00    3.21    0.00   27.15    0.00   41.68
10:35:46 PM    5    5.62    0.00   28.92    0.00    0.00    1.81    0.00   41.57    0.00   22.09
10:35:46 PM    6    2.91    0.00   20.40    0.00    0.00    7.64    0.00   19.80    0.00   49.25
10:35:46 PM    7    3.51    0.00   20.76    0.00    0.00    1.50    0.00   27.98    0.00   46.24

10:35:46 PM  CPU    %usr   %nice    %sys %iowait    %irq   %soft  %steal  %guest  %gnice   %idle
10:35:56 PM  all    3.61    0.00   21.18    0.00    0.00    3.40    0.00   24.61    0.00   47.20
10:35:56 PM    0    2.11    0.00   16.25    0.00    0.00    5.82    0.00   12.04    0.00   63.79
10:35:56 PM    1    2.60    0.00   18.62    0.00    0.00    2.00    0.00   17.92    0.00   58.86
10:35:56 PM    2    2.91    0.00   17.69    0.00    0.00    4.22    0.00   14.07    0.00   61.11
10:35:56 PM    3    1.91    0.00   13.78    0.00    0.00    8.85    0.00   13.98    0.00   61.47
10:35:56 PM    4    5.73    0.00   31.46    0.00    0.00    1.21    0.00   39.40    0.00   22.21
10:35:56 PM    5    3.01    0.00   19.26    0.00    0.00    2.61    0.00   18.05    0.00   57.07
10:35:56 PM    6    5.12    0.00   26.48    0.00    0.00    1.20    0.00   30.69    0.00   36.51
10:35:56 PM    7    5.62    0.00   25.98    0.00    0.00    1.10    0.00   50.65    0.00   16.65

10:35:56 PM  CPU    %usr   %nice    %sys %iowait    %irq   %soft  %steal  %guest  %gnice   %idle
10:36:06 PM  all    3.97    0.00   21.63    0.03    0.00    3.09    0.00   25.41    0.00   45.88
10:36:06 PM    0    2.40    0.00   16.90    0.20    0.00    5.60    0.00   15.60    0.00   59.30
10:36:06 PM    1    3.31    0.00   19.06    0.00    0.00    3.51    0.00   21.46    0.00   52.66
10:36:06 PM    2    4.72    0.00   23.19    0.00    0.00    2.31    0.00   27.11    0.00   42.67
10:36:06 PM    3    3.42    0.00   19.40    0.00    0.00    2.91    0.00   20.80    0.00   53.47
10:36:06 PM    4    7.04    0.00   33.20    0.00    0.00    0.60    0.00   46.18    0.00   12.98
10:36:06 PM    5    3.70    0.00   20.42    0.00    0.00    2.10    0.00   28.73    0.00   45.05
10:36:06 PM    6    5.13    0.00   24.95    0.00    0.00    3.22    0.00   29.98    0.00   36.72
10:36:06 PM    7    2.12    0.00   15.93    0.00    0.00    4.54    0.00   13.41    0.00   64.01

10:36:06 PM  CPU    %usr   %nice    %sys %iowait    %irq   %soft  %steal  %guest  %gnice   %idle
10:36:16 PM  all    3.87    0.00   22.41    0.00    0.00    3.10    0.00   25.53    0.00   45.08
10:36:16 PM    0    2.41    0.00   17.10    0.00    0.00    5.94    0.00   13.38    0.00   61.17
10:36:16 PM    1    2.80    0.00   18.70    0.00    0.00    2.00    0.00   14.30    0.00   62.20
10:36:16 PM    2    3.33    0.00   20.40    0.00    0.00    4.85    0.00   18.69    0.00   52.73
10:36:16 PM    3    2.51    0.00   17.49    0.00    0.00    5.33    0.00   14.87    0.00   59.80
10:36:16 PM    4    5.53    0.00   29.28    0.00    0.00    1.81    0.00   33.90    0.00   29.48
10:36:16 PM    5    5.53    0.00   28.14    0.00    0.00    0.10    0.00   50.15    0.00   16.08
10:36:16 PM    6    4.24    0.00   24.04    0.00    0.00    1.62    0.00   29.19    0.00   40.91
10:36:16 PM    7    4.42    0.00   24.10    0.00    0.00    3.21    0.00   29.82    0.00   38.45

10:36:16 PM  CPU    %usr   %nice    %sys %iowait    %irq   %soft  %steal  %guest  %gnice   %idle
10:36:26 PM  all    3.79    0.00   22.05    0.10    0.00    3.19    0.00   26.06    0.00   44.81
10:36:26 PM    0    2.53    0.00   18.02    0.00    0.00    4.25    0.00   14.88    0.00   60.32
10:36:26 PM    1    2.91    0.00   18.98    0.00    0.00    3.82    0.00   17.87    0.00   56.43
10:36:26 PM    2    3.02    0.00   18.51    0.20    0.00    6.04    0.00   20.02    0.00   52.21
10:36:26 PM    3    4.01    0.00   21.46    0.10    0.00    2.51    0.00   27.08    0.00   44.83
10:36:26 PM    4    4.91    0.00   24.97    0.00    0.00    1.50    0.00   36.81    0.00   31.80
10:36:26 PM    5    5.82    0.00   32.10    0.00    0.00    1.20    0.00   50.25    0.00   10.63
10:36:26 PM    6    4.33    0.00   23.84    0.00    0.00    3.62    0.00   26.66    0.00   41.55
10:36:26 PM    7    2.71    0.00   18.49    0.50    0.00    2.61    0.00   14.87    0.00   60.80

10:36:26 PM  CPU    %usr   %nice    %sys %iowait    %irq   %soft  %steal  %guest  %gnice   %idle
10:36:36 PM  all    3.76    0.00   21.89    0.01    0.00    3.45    0.00   26.10    0.00   44.78
10:36:36 PM    0    1.71    0.00   15.98    0.00    0.00    7.64    0.00    8.44    0.00   66.23
10:36:36 PM    1    2.21    0.00   16.87    0.00    0.00    3.71    0.00   10.44    0.00   66.77
10:36:36 PM    2    3.12    0.00   19.60    0.00    0.00    6.73    0.00   19.40    0.00   51.16
10:36:36 PM    3    1.90    0.00   14.31    0.20    0.00    5.11    0.00   11.01    0.00   67.47
10:36:36 PM    4    6.20    0.00   30.00    0.00    0.00    0.70    0.00   41.00    0.00   22.10
10:36:36 PM    5    5.51    0.00   29.86    0.00    0.00    1.00    0.00   35.47    0.00   28.16
10:36:36 PM    6    5.63    0.00   27.36    0.00    0.00    0.91    0.00   47.99    0.00   18.11
10:36:36 PM    7    4.01    0.00   21.14    0.00    0.00    1.80    0.00   34.77    0.00   38.28

10:36:36 PM  CPU    %usr   %nice    %sys %iowait    %irq   %soft  %steal  %guest  %gnice   %idle
10:36:46 PM  all    3.95    0.00   22.31    0.00    0.00    3.46    0.00   26.60    0.00   43.68
10:36:46 PM    0    3.54    0.00   19.29    0.00    0.00    2.63    0.00   21.31    0.00   53.23
10:36:46 PM    1    2.11    0.00   17.25    0.00    0.00    5.32    0.00   13.94    0.00   61.38
10:36:46 PM    2    3.02    0.00   20.75    0.00    0.00    5.64    0.00   22.36    0.00   48.24
10:36:46 PM    3    3.11    0.00   18.47    0.00    0.00    3.61    0.00   21.89    0.00   52.91
10:36:46 PM    4    6.16    0.00   28.48    0.00    0.00    1.92    0.00   35.56    0.00   27.88
10:36:46 PM    5    5.12    0.00   28.08    0.00    0.00    1.60    0.00   40.12    0.00   25.08
10:36:46 PM    6    4.04    0.00   23.21    0.00    0.00    3.94    0.00   27.55    0.00   41.27
10:36:46 PM    7    4.42    0.00   22.99    0.00    0.00    3.01    0.00   30.22    0.00   39.36

10:36:46 PM  CPU    %usr   %nice    %sys %iowait    %irq   %soft  %steal  %guest  %gnice   %idle
10:36:56 PM  all    3.75    0.00   21.73    0.05    0.00    3.25    0.00   25.51    0.00   45.71
10:36:56 PM    0    3.60    0.00   21.42    0.00    0.00    3.80    0.00   21.92    0.00   49.25
10:36:56 PM    1    2.41    0.00   15.85    0.30    0.00    3.71    0.00   13.24    0.00   64.49
10:36:56 PM    2    2.80    0.00   18.52    0.10    0.00    3.60    0.00   17.52    0.00   57.46
10:36:56 PM    3    2.61    0.00   18.78    0.00    0.00    7.33    0.00   17.17    0.00   54.12
10:36:56 PM    4    3.32    0.00   20.60    0.00    0.00    4.32    0.00   20.10    0.00   51.66
10:36:56 PM    5    4.83    0.00   25.15    0.00    0.00    0.80    0.00   39.24    0.00   29.98
10:36:56 PM    6    5.31    0.00   28.03    0.00    0.00    1.20    0.00   31.73    0.00   33.73
10:36:56 PM    7    5.43    0.00   25.45    0.00    0.00    1.21    0.00   43.06    0.00   24.85

10:36:56 PM  CPU    %usr   %nice    %sys %iowait    %irq   %soft  %steal  %guest  %gnice   %idle
10:37:06 PM  all    3.35    0.00   19.68    0.00    0.00    2.85    0.00   23.40    0.00   50.72
10:37:06 PM    0    3.31    0.00   18.46    0.00    0.00    2.21    0.00   20.26    0.00   55.77
10:37:06 PM    1    1.91    0.00   14.47    0.00    0.00    5.33    0.00   12.16    0.00   66.13
10:37:06 PM    2    2.52    0.00   16.80    0.00    0.00    4.63    0.00   19.22    0.00   56.84
10:37:06 PM    3    3.91    0.00   21.64    0.00    0.00    2.40    0.00   25.95    0.00   46.09
10:37:06 PM    4    2.31    0.00   16.16    0.00    0.00    2.31    0.00   10.34    0.00   68.88
10:37:06 PM    5    5.03    0.00   26.66    0.00    0.00    2.01    0.00   33.70    0.00   32.60
10:37:06 PM    6    4.72    0.00   25.03    0.00    0.00    1.21    0.00   41.91    0.00   27.14
10:37:06 PM    7    3.21    0.00   18.44    0.00    0.00    2.51    0.00   23.55    0.00   52.30

Average:     CPU    %usr   %nice    %sys %iowait    %irq   %soft  %steal  %guest  %gnice   %idle
Average:     all    3.77    0.00   21.72    0.04    0.00    3.27    0.00   25.49    0.00   45.71
Average:       0    2.98    0.00   18.72    0.09    0.00    4.64    0.00   18.37    0.00   55.19
Average:       1    2.58    0.00   17.12    0.04    0.00    3.80    0.00   15.94    0.00   60.52
Average:       2    2.99    0.00   18.90    0.07    0.00    4.76    0.00   18.58    0.00   54.71
Average:       3    2.86    0.00   18.52    0.03    0.00    4.56    0.00   18.52    0.00   55.53
Average:       4    4.66    0.00   25.42    0.03    0.00    2.41    0.00   31.29    0.00   36.19
Average:       5    4.80    0.00   25.42    0.00    0.00    1.45    0.00   37.28    0.00   31.05
Average:       6    4.73    0.00   25.18    0.00    0.00    2.41    0.00   32.41    0.00   35.27
Average:       7    4.59    0.00   24.49    0.03    0.00    2.15    0.00   31.50    0.00   37.25
