Linux 3.19.5-200.fc21.x86_64 (bark) 	07/24/2015 	_x86_64_	(8 CPU)

10:59:38 PM  CPU    %usr   %nice    %sys %iowait    %irq   %soft  %steal  %guest  %gnice   %idle
10:59:48 PM  all    1.30    0.00   14.50    0.00    0.00    9.01    0.00   30.59    0.00   44.61
10:59:48 PM    0    1.51    0.00   12.51    0.10    0.00    5.65    0.00   30.68    0.00   49.55
10:59:48 PM    1    1.30    0.00   12.61    0.00    0.00    6.01    0.00   36.74    0.00   43.34
10:59:48 PM    2    1.01    0.00   14.79    0.00    0.00    8.45    0.00   22.03    0.00   53.72
10:59:48 PM    3    0.90    0.00   14.23    0.00    0.00    8.82    0.00   20.54    0.00   55.51
10:59:48 PM    4    2.02    0.00   13.33    0.00    0.00    2.93    0.00   51.01    0.00   30.71
10:59:48 PM    5    1.42    0.00   15.81    0.00    0.00   11.65    0.00   36.47    0.00   34.65
10:59:48 PM    6    0.81    0.00   16.72    0.00    0.00   16.62    0.00   13.09    0.00   52.77
10:59:48 PM    7    1.61    0.00   16.08    0.00    0.00   11.86    0.00   33.97    0.00   36.48

10:59:48 PM  CPU    %usr   %nice    %sys %iowait    %irq   %soft  %steal  %guest  %gnice   %idle
10:59:58 PM  all    1.27    0.00   15.03    0.04    0.00    9.52    0.00   29.01    0.00   45.14
10:59:58 PM    0    1.41    0.00   14.57    0.20    0.00    8.94    0.00   28.84    0.00   46.03
10:59:58 PM    1    1.31    0.00   15.61    0.00    0.00    9.47    0.00   26.28    0.00   47.33
10:59:58 PM    2    0.91    0.00   14.39    0.00    0.00    9.96    0.00   19.62    0.00   55.13
10:59:58 PM    3    1.00    0.00   16.20    0.00    0.00   12.10    0.00   13.70    0.00   57.00
10:59:58 PM    4    1.21    0.00   15.24    0.00    0.00    8.78    0.00   41.98    0.00   32.80
10:59:58 PM    5    1.30    0.00   13.93    0.00    0.00    8.22    0.00   50.70    0.00   25.85
10:59:58 PM    6    1.31    0.00   15.15    0.00    0.00    9.39    0.00   26.16    0.00   47.98
10:59:58 PM    7    1.60    0.00   15.03    0.00    0.00    9.42    0.00   25.05    0.00   48.90

10:59:58 PM  CPU    %usr   %nice    %sys %iowait    %irq   %soft  %steal  %guest  %gnice   %idle
11:00:08 PM  all    1.15    0.00   14.05    0.08    0.00    8.35    0.00   27.06    0.00   49.33
11:00:08 PM    0    1.61    0.00   12.89    0.00    0.00    5.04    0.00   31.82    0.00   48.64
11:00:08 PM    1    0.80    0.00   13.67    0.00    0.00    6.13    0.00   17.39    0.00   62.01
11:00:08 PM    2    1.10    0.00   11.35    0.60    0.00    5.32    0.00   23.69    0.00   57.93
11:00:08 PM    3    1.11    0.00   14.29    0.00    0.00    9.12    0.00   20.87    0.00   54.61
11:00:08 PM    4    1.11    0.00   15.52    0.00    0.00    9.17    0.00   28.43    0.00   45.77
11:00:08 PM    5    1.41    0.00   12.00    0.00    0.00    5.44    0.00   39.62    0.00   41.53
11:00:08 PM    6    1.10    0.00   15.06    0.10    0.00   10.74    0.00   29.42    0.00   43.57
11:00:08 PM    7    0.91    0.00   17.74    0.00    0.00   15.73    0.00   25.10    0.00   40.52

11:00:08 PM  CPU    %usr   %nice    %sys %iowait    %irq   %soft  %steal  %guest  %gnice   %idle
11:00:18 PM  all    1.23    0.00   14.95    0.04    0.00    8.94    0.00   27.24    0.00   47.61
11:00:18 PM    0    1.01    0.00   14.27    0.00    0.00    8.30    0.00   23.79    0.00   52.63
11:00:18 PM    1    1.41    0.00   12.07    0.00    0.00    3.82    0.00   26.36    0.00   56.34
11:00:18 PM    2    1.30    0.00   12.10    0.30    0.00    6.60    0.00   26.80    0.00   52.90
11:00:18 PM    3    1.11    0.00   15.48    0.00    0.00   10.75    0.00   14.67    0.00   57.99
11:00:18 PM    4    1.50    0.00   14.43    0.00    0.00    4.71    0.00   46.59    0.00   32.77
11:00:18 PM    5    1.10    0.00   16.77    0.00    0.00   10.14    0.00   27.51    0.00   44.48
11:00:18 PM    6    1.51    0.00   17.00    0.00    0.00   12.88    0.00   30.99    0.00   37.63
11:00:18 PM    7    1.00    0.00   17.57    0.00    0.00   14.46    0.00   20.98    0.00   45.98

11:00:18 PM  CPU    %usr   %nice    %sys %iowait    %irq   %soft  %steal  %guest  %gnice   %idle
11:00:28 PM  all    1.24    0.00   14.31    0.10    0.00    8.94    0.00   27.16    0.00   48.24
11:00:28 PM    0    0.70    0.00   13.61    0.20    0.00    9.31    0.00   11.91    0.00   64.26
11:00:28 PM    1    1.10    0.00   11.02    0.30    0.00    3.71    0.00   26.85    0.00   57.01
11:00:28 PM    2    1.61    0.00   15.91    0.00    0.00    7.75    0.00   31.12    0.00   43.61
11:00:28 PM    3    0.60    0.00   13.87    0.30    0.00   10.95    0.00    9.35    0.00   64.92
11:00:28 PM    4    1.11    0.00   14.21    0.00    0.00   11.29    0.00   22.08    0.00   51.31
11:00:28 PM    5    1.61    0.00   14.30    0.00    0.00    7.05    0.00   53.58    0.00   23.46
11:00:28 PM    6    1.62    0.00   17.95    0.00    0.00   15.62    0.00   20.18    0.00   44.62
11:00:28 PM    7    1.71    0.00   13.38    0.00    0.00    5.84    0.00   42.35    0.00   36.72

11:00:28 PM  CPU    %usr   %nice    %sys %iowait    %irq   %soft  %steal  %guest  %gnice   %idle
11:00:38 PM  all    1.22    0.00   14.09    0.03    0.00    8.85    0.00   27.54    0.00   48.27
11:00:38 PM    0    1.01    0.00   12.16    0.00    0.00    6.63    0.00   25.53    0.00   54.67
11:00:38 PM    1    1.41    0.00   14.26    0.00    0.00    6.93    0.00   33.43    0.00   43.98
11:00:38 PM    2    0.80    0.00   11.13    0.00    0.00    6.52    0.00   15.85    0.00   65.70
11:00:38 PM    3    1.21    0.00   12.71    0.30    0.00    3.94    0.00   28.86    0.00   52.98
11:00:38 PM    4    1.30    0.00   16.73    0.00    0.00   13.73    0.00   34.57    0.00   33.67
11:00:38 PM    5    1.71    0.00   12.89    0.00    0.00    5.84    0.00   34.74    0.00   44.81
11:00:38 PM    6    0.50    0.00   16.53    0.00    0.00   16.33    0.00   11.52    0.00   55.11
11:00:38 PM    7    1.71    0.00   16.37    0.00    0.00   10.84    0.00   35.84    0.00   35.24

11:00:38 PM  CPU    %usr   %nice    %sys %iowait    %irq   %soft  %steal  %guest  %gnice   %idle
11:00:48 PM  all    1.14    0.00   13.76    0.04    0.00    8.42    0.00   25.93    0.00   50.71
11:00:48 PM    0    0.91    0.00   13.00    0.00    0.00    7.76    0.00   17.54    0.00   60.79
11:00:48 PM    1    1.00    0.00   11.72    0.20    0.00    3.71    0.00   20.04    0.00   63.33
11:00:48 PM    2    1.31    0.00   10.78    0.00    0.00    3.42    0.00   30.11    0.00   54.38
11:00:48 PM    3    1.20    0.00   13.86    0.00    0.00    7.43    0.00   25.50    0.00   52.01
11:00:48 PM    4    1.11    0.00   15.21    0.00    0.00   11.58    0.00   31.72    0.00   40.38
11:00:48 PM    5    0.91    0.00   16.01    0.00    0.00   12.39    0.00   19.23    0.00   51.46
11:00:48 PM    6    1.71    0.00   11.67    0.00    0.00    3.62    0.00   46.78    0.00   36.22
11:00:48 PM    7    1.01    0.00   18.03    0.00    0.00   17.42    0.00   16.62    0.00   46.93

11:00:48 PM  CPU    %usr   %nice    %sys %iowait    %irq   %soft  %steal  %guest  %gnice   %idle
11:00:58 PM  all    1.23    0.00   14.26    0.00    0.00    8.93    0.00   26.49    0.00   49.09
11:00:58 PM    0    1.41    0.00   12.20    0.00    0.00    4.54    0.00   34.68    0.00   47.18
11:00:58 PM    1    1.31    0.00   13.58    0.00    0.00    7.95    0.00   22.03    0.00   55.13
11:00:58 PM    2    1.21    0.00   13.68    0.00    0.00    8.65    0.00   21.13    0.00   55.33
11:00:58 PM    3    1.41    0.00   11.77    0.00    0.00    4.23    0.00   19.42    0.00   63.18
11:00:58 PM    4    1.31    0.00   16.18    0.00    0.00   10.82    0.00   28.31    0.00   43.38
11:00:58 PM    5    0.80    0.00   18.07    0.00    0.00   17.77    0.00   14.46    0.00   48.90
11:00:58 PM    6    0.80    0.00   16.18    0.00    0.00   14.37    0.00   25.53    0.00   43.12
11:00:58 PM    7    1.71    0.00   12.14    0.00    0.00    3.31    0.00   46.24    0.00   36.61

11:00:58 PM  CPU    %usr   %nice    %sys %iowait    %irq   %soft  %steal  %guest  %gnice   %idle
11:01:08 PM  all    1.24    0.00   13.81    0.03    0.00    8.67    0.00   26.59    0.00   49.67
11:01:08 PM    0    1.31    0.00   13.00    0.20    0.00    5.75    0.00   25.91    0.00   53.83
11:01:08 PM    1    0.90    0.00   12.89    0.00    0.00    7.69    0.00   22.28    0.00   56.24
11:01:08 PM    2    1.61    0.00   14.08    0.00    0.00    7.24    0.00   34.61    0.00   42.45
11:01:08 PM    3    1.40    0.00   10.30    0.00    0.00    3.00    0.00   33.20    0.00   52.10
11:01:08 PM    4    0.90    0.00   13.77    0.00    0.00   11.16    0.00   18.89    0.00   55.28
11:01:08 PM    5    0.91    0.00   15.90    0.00    0.00   13.48    0.00   21.93    0.00   47.79
11:01:08 PM    6    1.41    0.00   18.57    0.00    0.00   16.35    0.00   19.17    0.00   44.50
11:01:08 PM    7    1.41    0.00   12.07    0.00    0.00    4.63    0.00   36.82    0.00   45.07

11:01:08 PM  CPU    %usr   %nice    %sys %iowait    %irq   %soft  %steal  %guest  %gnice   %idle
11:01:18 PM  all    1.23    0.00   14.41    0.03    0.00    8.84    0.00   27.20    0.00   48.30
11:01:18 PM    0    1.11    0.00   13.51    0.00    0.00    7.96    0.00   25.30    0.00   52.12
11:01:18 PM    1    1.41    0.00   13.88    0.00    0.00    6.34    0.00   27.46    0.00   50.91
11:01:18 PM    2    0.81    0.00   13.66    0.20    0.00    9.51    0.00   13.26    0.00   62.55
11:01:18 PM    3    1.20    0.00   12.19    0.00    0.00    5.69    0.00   28.67    0.00   52.25
11:01:18 PM    4    1.31    0.00   14.99    0.00    0.00    9.86    0.00   39.54    0.00   34.31
11:01:18 PM    5    1.51    0.00   15.64    0.00    0.00   10.39    0.00   22.81    0.00   49.65
11:01:18 PM    6    1.11    0.00   16.40    0.00    0.00   11.07    0.00   21.53    0.00   49.90
11:01:18 PM    7    1.40    0.00   15.13    0.00    0.00    9.82    0.00   38.78    0.00   34.87

11:01:18 PM  CPU    %usr   %nice    %sys %iowait    %irq   %soft  %steal  %guest  %gnice   %idle
11:01:28 PM  all    1.17    0.00   13.34    0.13    0.00    8.16    0.00   24.87    0.00   52.34
11:01:28 PM    0    0.80    0.00   10.63    0.70    0.00    5.32    0.00   16.75    0.00   65.80
11:01:28 PM    1    1.31    0.00   13.17    0.00    0.00    7.74    0.00   29.25    0.00   48.54
11:01:28 PM    2    1.30    0.00   10.91    0.20    0.00    2.20    0.00   27.13    0.00   58.26
11:01:28 PM    3    0.90    0.00   10.74    0.00    0.00    5.12    0.00   19.28    0.00   63.96
11:01:28 PM    4    1.60    0.00   13.03    0.00    0.00    5.71    0.00   43.69    0.00   35.97
11:01:28 PM    5    1.10    0.00   19.18    0.00    0.00   18.07    0.00   11.04    0.00   50.60
11:01:28 PM    6    1.61    0.00   12.65    0.00    0.00    5.52    0.00   39.76    0.00   40.46
11:01:28 PM    7    0.70    0.00   16.31    0.00    0.00   15.81    0.00   12.08    0.00   55.09

11:01:28 PM  CPU    %usr   %nice    %sys %iowait    %irq   %soft  %steal  %guest  %gnice   %idle
11:01:38 PM  all    1.20    0.00   13.07    0.03    0.00    8.33    0.00   26.16    0.00   51.22
11:01:38 PM    0    1.31    0.00   12.01    0.00    0.00    4.44    0.00   23.61    0.00   58.63
11:01:38 PM    1    1.11    0.00    9.78    0.00    0.00    3.33    0.00   27.72    0.00   58.06
11:01:38 PM    2    1.30    0.00   11.74    0.20    0.00    5.62    0.00   30.89    0.00   50.25
11:01:38 PM    3    1.20    0.00   13.55    0.00    0.00    7.43    0.00   28.61    0.00   49.20
11:01:38 PM    4    0.61    0.00   16.09    0.00    0.00   17.31    0.00   11.94    0.00   54.05
11:01:38 PM    5    1.71    0.00   11.96    0.00    0.00    3.22    0.00   39.70    0.00   43.42
11:01:38 PM    6    1.42    0.00   14.11    0.00    0.00    8.63    0.00   32.79    0.00   43.05
11:01:38 PM    7    0.80    0.00   15.26    0.00    0.00   16.57    0.00   14.06    0.00   53.31

11:01:38 PM  CPU    %usr   %nice    %sys %iowait    %irq   %soft  %steal  %guest  %gnice   %idle
11:01:48 PM  all    1.17    0.00   14.34    0.05    0.00    8.80    0.00   28.19    0.00   47.45
11:01:48 PM    0    1.41    0.00   12.71    0.00    0.00    5.15    0.00   29.77    0.00   50.96
11:01:48 PM    1    1.00    0.00   13.20    0.00    0.00    8.60    0.00   15.80    0.00   61.40
11:01:48 PM    2    1.40    0.00   12.81    0.20    0.00    2.90    0.00   34.13    0.00   48.55
11:01:48 PM    3    0.70    0.00   15.03    0.20    0.00   10.92    0.00   18.24    0.00   54.91
11:01:48 PM    4    1.41    0.00   16.72    0.00    0.00   12.59    0.00   39.07    0.00   30.21
11:01:48 PM    5    1.30    0.00   13.43    0.00    0.00    7.21    0.00   35.97    0.00   42.08
11:01:48 PM    6    1.61    0.00   12.36    0.00    0.00    4.92    0.00   41.91    0.00   39.20
11:01:48 PM    7    0.60    0.00   18.63    0.00    0.00   18.23    0.00   10.47    0.00   52.06

11:01:48 PM  CPU    %usr   %nice    %sys %iowait    %irq   %soft  %steal  %guest  %gnice   %idle
11:01:58 PM  all    1.09    0.00   13.75    0.00    0.00    8.50    0.00   25.84    0.00   50.81
11:01:58 PM    0    0.61    0.00   14.43    0.00    0.00   11.30    0.00   12.11    0.00   61.55
11:01:58 PM    1    1.11    0.00   15.24    0.00    0.00   10.49    0.00   19.07    0.00   54.09
11:01:58 PM    2    0.80    0.00   12.04    0.00    0.00    7.12    0.00   18.86    0.00   61.18
11:01:58 PM    3    1.10    0.00   12.75    0.00    0.00    6.93    0.00   19.18    0.00   60.04
11:01:58 PM    4    1.01    0.00   14.31    0.00    0.00    9.48    0.00   25.40    0.00   49.80
11:01:58 PM    5    1.21    0.00   16.41    0.00    0.00   12.08    0.00   39.58    0.00   30.72
11:01:58 PM    6    1.32    0.00   12.65    0.00    0.00    6.38    0.00   25.10    0.00   54.55
11:01:58 PM    7    1.40    0.00   12.14    0.00    0.00    4.21    0.00   47.54    0.00   34.70

11:01:58 PM  CPU    %usr   %nice    %sys %iowait    %irq   %soft  %steal  %guest  %gnice   %idle
11:02:08 PM  all    1.19    0.00   14.39    0.00    0.00    8.91    0.00   26.64    0.00   48.86
11:02:08 PM    0    0.91    0.00   18.03    0.00    0.00   16.82    0.00   18.13    0.00   46.12
11:02:08 PM    1    1.10    0.00   11.23    0.00    0.00    4.21    0.00   23.37    0.00   60.08
11:02:08 PM    2    1.00    0.00   15.48    0.00    0.00   10.09    0.00   23.38    0.00   50.05
11:02:08 PM    3    1.00    0.00   11.38    0.00    0.00    4.39    0.00   17.66    0.00   65.57
11:02:08 PM    4    2.00    0.00   16.63    0.00    0.00    9.62    0.00   38.58    0.00   33.17
11:02:08 PM    5    1.71    0.00   10.26    0.00    0.00    3.42    0.00   48.29    0.00   36.32
11:02:08 PM    6    0.90    0.00   19.60    0.00    0.00   18.59    0.00   15.38    0.00   45.53
11:02:08 PM    7    1.21    0.00   12.37    0.00    0.00    4.33    0.00   28.17    0.00   53.92

11:02:08 PM  CPU    %usr   %nice    %sys %iowait    %irq   %soft  %steal  %guest  %gnice   %idle
11:02:18 PM  all    1.26    0.00   13.69    0.00    0.00    8.22    0.00   26.08    0.00   50.76
11:02:18 PM    0    1.21    0.00   10.57    0.00    0.00    3.12    0.00   26.59    0.00   58.51
11:02:18 PM    1    1.11    0.00   13.38    0.00    0.00    8.35    0.00   14.79    0.00   62.37
11:02:18 PM    2    1.11    0.00   15.71    0.00    0.00   13.60    0.00   16.82    0.00   52.77
11:02:18 PM    3    0.90    0.00   11.82    0.00    0.00    5.51    0.00   22.95    0.00   58.82
11:02:18 PM    4    1.20    0.00   12.35    0.00    0.00    6.73    0.00   36.95    0.00   42.77
11:02:18 PM    5    1.52    0.00   15.45    0.00    0.00    8.69    0.00   30.00    0.00   44.34
11:02:18 PM    6    1.70    0.00   14.13    0.00    0.00    7.41    0.00   42.48    0.00   34.27
11:02:18 PM    7    1.01    0.00   16.20    0.00    0.00   12.27    0.00   18.21    0.00   52.31

11:02:18 PM  CPU    %usr   %nice    %sys %iowait    %irq   %soft  %steal  %guest  %gnice   %idle
11:02:28 PM  all    1.18    0.00   13.99    0.06    0.00    8.82    0.00   26.47    0.00   49.47
11:02:28 PM    0    1.21    0.00   11.67    0.00    0.00    4.93    0.00   21.43    0.00   60.76
11:02:28 PM    1    1.41    0.00   12.22    0.00    0.00    6.77    0.00   26.26    0.00   53.33
11:02:28 PM    2    0.91    0.00   13.65    0.00    0.00   11.12    0.00   21.94    0.00   52.38
11:02:28 PM    3    0.90    0.00   12.66    0.00    0.00    5.08    0.00   17.05    0.00   64.31
11:02:28 PM    4    1.71    0.00   16.25    0.40    0.00    9.03    0.00   44.43    0.00   28.18
11:02:28 PM    5    1.51    0.00   13.17    0.00    0.00    4.22    0.00   45.63    0.00   35.48
11:02:28 PM    6    1.21    0.00   17.52    0.00    0.00   17.62    0.00   25.18    0.00   38.47
11:02:28 PM    7    0.80    0.00   14.89    0.00    0.00   11.77    0.00    9.86    0.00   62.68

11:02:28 PM  CPU    %usr   %nice    %sys %iowait    %irq   %soft  %steal  %guest  %gnice   %idle
11:02:38 PM  all    1.21    0.00   14.02    0.01    0.00    8.63    0.00   26.33    0.00   49.81
11:02:38 PM    0    1.20    0.00   15.16    0.20    0.00    8.73    0.00   17.37    0.00   57.33
11:02:38 PM    1    1.20    0.00   12.85    0.00    0.00    5.02    0.00   19.88    0.00   61.04
11:02:38 PM    2    1.51    0.00   15.51    0.00    0.00    8.76    0.00   28.80    0.00   45.42
11:02:38 PM    3    0.80    0.00   12.21    0.00    0.00    9.11    0.00   15.42    0.00   62.46
11:02:38 PM    4    1.31    0.00   16.25    0.00    0.00   13.42    0.00   19.17    0.00   49.85
11:02:38 PM    5    1.11    0.00   14.14    0.00    0.00    7.68    0.00   29.39    0.00   47.68
11:02:38 PM    6    0.80    0.00   14.73    0.00    0.00   14.03    0.00   30.76    0.00   39.68
11:02:38 PM    7    1.60    0.00   11.23    0.00    0.00    2.31    0.00   49.75    0.00   35.11

11:02:38 PM  CPU    %usr   %nice    %sys %iowait    %irq   %soft  %steal  %guest  %gnice   %idle
11:02:48 PM  all    1.23    0.00   14.28    0.00    0.00    8.76    0.00   26.43    0.00   49.29
11:02:48 PM    0    1.11    0.00   11.76    0.00    0.00    4.62    0.00   12.16    0.00   70.35
11:02:48 PM    1    1.01    0.00   12.56    0.00    0.00    6.63    0.00   15.18    0.00   64.62
11:02:48 PM    2    1.40    0.00   12.14    0.00    0.00    5.82    0.00   25.28    0.00   55.37
11:02:48 PM    3    1.42    0.00   14.76    0.00    0.00    7.58    0.00   29.02    0.00   47.22
11:02:48 PM    4    1.20    0.00   12.84    0.00    0.00    5.02    0.00   30.79    0.00   50.15
11:02:48 PM    5    1.61    0.00   12.80    0.00    0.00    6.05    0.00   51.81    0.00   27.72
11:02:48 PM    6    1.21    0.00   16.31    0.00    0.00   13.49    0.00   21.45    0.00   47.53
11:02:48 PM    7    1.10    0.00   21.06    0.00    0.00   20.96    0.00   25.68    0.00   31.19

11:02:48 PM  CPU    %usr   %nice    %sys %iowait    %irq   %soft  %steal  %guest  %gnice   %idle
11:02:58 PM  all    1.14    0.00   14.05    0.03    0.00    8.75    0.00   26.52    0.00   49.51
11:02:58 PM    0    0.90    0.00   14.46    0.00    0.00    8.63    0.00   17.47    0.00   58.53
11:02:58 PM    1    1.20    0.00   12.90    0.20    0.00    7.40    0.00   22.50    0.00   55.80
11:02:58 PM    2    0.91    0.00   11.19    0.00    0.00    4.84    0.00   27.72    0.00   55.34
11:02:58 PM    3    1.21    0.00   14.08    0.00    0.00    7.44    0.00   21.83    0.00   55.43
11:02:58 PM    4    1.31    0.00   13.51    0.00    0.00    6.45    0.00   25.91    0.00   52.82
11:02:58 PM    5    0.60    0.00   18.91    0.00    0.00   22.03    0.00   10.06    0.00   48.39
11:02:58 PM    6    1.41    0.00   12.75    0.00    0.00    5.72    0.00   53.01    0.00   27.11
11:02:58 PM    7    1.31    0.00   14.73    0.00    0.00    7.67    0.00   33.80    0.00   42.48

11:02:58 PM  CPU    %usr   %nice    %sys %iowait    %irq   %soft  %steal  %guest  %gnice   %idle
11:03:08 PM  all    1.18    0.00   14.06    0.00    0.00    8.78    0.00   25.04    0.00   50.94
11:03:08 PM    0    1.41    0.00   13.71    0.00    0.00    5.65    0.00   16.03    0.00   63.21
11:03:08 PM    1    1.11    0.00   12.79    0.00    0.00    5.84    0.00   21.25    0.00   59.01
11:03:08 PM    2    0.90    0.00   11.65    0.00    0.00    5.82    0.00   16.27    0.00   65.36
11:03:08 PM    3    1.31    0.00   11.81    0.00    0.00    6.66    0.00   20.38    0.00   59.84
11:03:08 PM    4    1.31    0.00   15.78    0.00    0.00   11.86    0.00   37.19    0.00   33.87
11:03:08 PM    5    1.31    0.00   14.97    0.00    0.00   10.55    0.00   26.63    0.00   46.53
11:03:08 PM    6    0.50    0.00   17.86    0.00    0.00   17.66    0.00    5.85    0.00   58.12
11:03:08 PM    7    1.91    0.00   13.67    0.00    0.00    5.93    0.00   56.58    0.00   21.91

11:03:08 PM  CPU    %usr   %nice    %sys %iowait    %irq   %soft  %steal  %guest  %gnice   %idle
11:03:18 PM  all    1.33    0.00   13.66    0.00    0.00    8.37    0.00   28.52    0.00   48.13
11:03:18 PM    0    1.41    0.00   13.68    0.00    0.00    8.35    0.00   33.90    0.00   42.66
11:03:18 PM    1    1.31    0.00   11.27    0.00    0.00    4.33    0.00   32.19    0.00   50.91
11:03:18 PM    2    1.21    0.00   12.99    0.00    0.00    7.35    0.00   15.71    0.00   62.74
11:03:18 PM    3    1.00    0.00   14.54    0.10    0.00   10.13    0.00   17.45    0.00   56.77
11:03:18 PM    4    1.80    0.00   14.81    0.00    0.00    7.31    0.00   43.04    0.00   33.03
11:03:18 PM    5    1.70    0.00   11.51    0.00    0.00    5.71    0.00   40.34    0.00   40.74
11:03:18 PM    6    0.90    0.00   17.35    0.00    0.00   16.15    0.00   11.03    0.00   54.56
11:03:18 PM    7    1.41    0.00   13.02    0.00    0.00    7.77    0.00   34.31    0.00   43.49

11:03:18 PM  CPU    %usr   %nice    %sys %iowait    %irq   %soft  %steal  %guest  %gnice   %idle
11:03:28 PM  all    1.23    0.00   14.03    0.06    0.00    8.73    0.00   26.94    0.00   49.00
11:03:28 PM    0    1.40    0.00   12.10    0.00    0.00    5.30    0.00   30.00    0.00   51.20
11:03:28 PM    1    1.11    0.00   13.07    0.40    0.00    6.63    0.00   21.21    0.00   57.59
11:03:28 PM    2    0.90    0.00   11.33    0.00    0.00    3.81    0.00   27.48    0.00   56.47
11:03:28 PM    3    1.41    0.00   12.53    0.00    0.00    7.17    0.00   26.77    0.00   52.12
11:03:28 PM    4    1.10    0.00   14.43    0.00    0.00   10.22    0.00   31.06    0.00   43.19
11:03:28 PM    5    1.11    0.00   20.48    0.00    0.00   20.28    0.00   20.89    0.00   37.24
11:03:28 PM    6    1.30    0.00   14.34    0.00    0.00    8.12    0.00   22.17    0.00   54.06
11:03:28 PM    7    1.41    0.00   14.14    0.10    0.00    8.18    0.00   36.06    0.00   40.10

11:03:28 PM  CPU    %usr   %nice    %sys %iowait    %irq   %soft  %steal  %guest  %gnice   %idle
11:03:38 PM  all    1.13    0.00   13.30    0.03    0.00    8.32    0.00   25.93    0.00   51.29
11:03:38 PM    0    1.21    0.00   11.18    0.00    0.00    5.64    0.00   29.31    0.00   52.67
11:03:38 PM    1    1.31    0.00   13.19    0.00    0.00    6.95    0.00   28.50    0.00   50.05
11:03:38 PM    2    0.91    0.00   10.36    0.00    0.00    2.72    0.00   19.82    0.00   66.20
11:03:38 PM    3    1.00    0.00   12.93    0.20    0.00    7.62    0.00   15.13    0.00   63.13
11:03:38 PM    4    1.42    0.00   13.75    0.00    0.00    9.50    0.00   42.06    0.00   33.27
11:03:38 PM    5    0.50    0.00   17.49    0.00    0.00   19.40    0.00   20.30    0.00   42.31
11:03:38 PM    6    1.20    0.00   13.34    0.00    0.00    5.72    0.00   34.50    0.00   45.24
11:03:38 PM    7    1.31    0.00   14.26    0.00    0.00    9.04    0.00   17.87    0.00   57.53

11:03:38 PM  CPU    %usr   %nice    %sys %iowait    %irq   %soft  %steal  %guest  %gnice   %idle
11:03:48 PM  all    1.29    0.00   14.53    0.00    0.00    8.75    0.00   27.62    0.00   47.82
11:03:48 PM    0    1.21    0.00   13.98    0.00    0.00    7.85    0.00   24.55    0.00   52.41
11:03:48 PM    1    0.91    0.00   14.63    0.00    0.00   11.08    0.00   14.02    0.00   59.35
11:03:48 PM    2    1.21    0.00   13.00    0.00    0.00    5.85    0.00   22.38    0.00   57.56
11:03:48 PM    3    0.71    0.00   12.70    0.00    0.00    8.77    0.00   22.98    0.00   54.84
11:03:48 PM    4    1.82    0.00   14.03    0.00    0.00    4.34    0.00   45.31    0.00   34.51
11:03:48 PM    5    1.21    0.00   16.16    0.00    0.00   11.72    0.00   22.73    0.00   48.18
11:03:48 PM    6    1.80    0.00   15.62    0.00    0.00    8.81    0.00   24.42    0.00   49.35
11:03:48 PM    7    1.51    0.00   16.01    0.00    0.00   11.68    0.00   44.51    0.00   26.28

11:03:48 PM  CPU    %usr   %nice    %sys %iowait    %irq   %soft  %steal  %guest  %gnice   %idle
11:03:58 PM  all    1.18    0.00   13.87    0.01    0.00    8.44    0.00   26.17    0.00   50.33
11:03:58 PM    0    1.00    0.00   12.34    0.00    0.00    6.12    0.00   25.08    0.00   55.47
11:03:58 PM    1    1.01    0.00   13.67    0.00    0.00    8.64    0.00   22.61    0.00   54.07
11:03:58 PM    2    0.80    0.00   12.68    0.10    0.00    4.73    0.00   18.31    0.00   63.38
11:03:58 PM    3    1.61    0.00   12.46    0.00    0.00    3.62    0.00   29.05    0.00   53.27
11:03:58 PM    4    1.30    0.00   12.53    0.00    0.00    8.62    0.00   37.88    0.00   39.68
11:03:58 PM    5    0.80    0.00   18.27    0.00    0.00   17.47    0.00   15.96    0.00   47.49
11:03:58 PM    6    1.41    0.00   13.98    0.00    0.00    7.65    0.00   21.63    0.00   55.33
11:03:58 PM    7    1.41    0.00   15.02    0.00    0.00   10.58    0.00   39.01    0.00   33.97

11:03:58 PM  CPU    %usr   %nice    %sys %iowait    %irq   %soft  %steal  %guest  %gnice   %idle
11:04:08 PM  all    1.13    0.00   13.67    0.04    0.00    8.14    0.00   27.19    0.00   49.83
11:04:08 PM    0    1.31    0.00   13.18    0.00    0.00    5.73    0.00   32.70    0.00   47.08
11:04:08 PM    1    1.01    0.00   14.90    0.20    0.00   11.28    0.00   22.46    0.00   50.15
11:04:08 PM    2    1.00    0.00   12.53    0.00    0.00    5.01    0.00   21.54    0.00   59.92
11:04:08 PM    3    1.01    0.00   15.67    0.00    0.00   12.03    0.00   18.91    0.00   52.38
11:04:08 PM    4    1.01    0.00   13.13    0.00    0.00    5.66    0.00   27.68    0.00   52.53
11:04:08 PM    5    1.00    0.00   14.26    0.00    0.00   12.05    0.00   25.70    0.00   46.99
11:04:08 PM    6    1.10    0.00   12.40    0.00    0.00    7.00    0.00   35.60    0.00   43.90
11:04:08 PM    7    1.81    0.00   13.35    0.00    0.00    6.33    0.00   32.63    0.00   45.88

11:04:08 PM  CPU    %usr   %nice    %sys %iowait    %irq   %soft  %steal  %guest  %gnice   %idle
11:04:18 PM  all    1.16    0.00   13.82    0.01    0.00    8.63    0.00   26.34    0.00   50.04
11:04:18 PM    0    1.72    0.00   12.84    0.00    0.00    4.85    0.00   23.86    0.00   56.72
11:04:18 PM    1    1.21    0.00   11.72    0.00    0.00    4.14    0.00   14.65    0.00   68.28
11:04:18 PM    2    0.70    0.00   14.19    0.00    0.00   10.16    0.00   17.40    0.00   57.55
11:04:18 PM    3    0.81    0.00   11.12    0.00    0.00    3.03    0.00   21.44    0.00   63.60
11:04:18 PM    4    1.21    0.00   14.93    0.00    0.00   11.71    0.00   28.86    0.00   43.29
11:04:18 PM    5    1.80    0.00   12.21    0.00    0.00    1.40    0.00   66.57    0.00   18.02
11:04:18 PM    6    0.40    0.00   20.75    0.00    0.00   26.69    0.00    4.93    0.00   47.23
11:04:18 PM    7    1.40    0.00   12.81    0.10    0.00    7.21    0.00   32.73    0.00   45.75

11:04:18 PM  CPU    %usr   %nice    %sys %iowait    %irq   %soft  %steal  %guest  %gnice   %idle
11:04:28 PM  all    1.14    0.00   13.99    0.04    0.00    8.58    0.00   26.22    0.00   50.04
11:04:28 PM    0    1.41    0.00   15.58    0.30    0.00    9.75    0.00   23.42    0.00   49.55
11:04:28 PM    1    0.90    0.00   14.10    0.00    0.00    9.00    0.00   15.40    0.00   60.60
11:04:28 PM    2    0.70    0.00   13.90    0.00    0.00    7.65    0.00   16.62    0.00   61.13
11:04:28 PM    3    1.10    0.00   11.14    0.00    0.00    5.32    0.00   19.58    0.00   62.85
11:04:28 PM    4    1.50    0.00   13.49    0.00    0.00    7.89    0.00   47.95    0.00   29.17
11:04:28 PM    5    1.20    0.00   15.83    0.00    0.00   11.72    0.00   35.27    0.00   35.97
11:04:28 PM    6    1.01    0.00   13.03    0.00    0.00    6.87    0.00   24.75    0.00   54.34
11:04:28 PM    7    1.10    0.00   14.84    0.00    0.00   10.53    0.00   26.68    0.00   46.84

11:04:28 PM  CPU    %usr   %nice    %sys %iowait    %irq   %soft  %steal  %guest  %gnice   %idle
11:04:38 PM  all    1.12    0.00   12.12    0.04    0.00    7.49    0.00   23.37    0.00   55.87
11:04:38 PM    0    0.91    0.00    8.06    0.30    0.00    3.83    0.00   12.40    0.00   74.50
11:04:38 PM    1    1.11    0.00    9.36    0.00    0.00    3.42    0.00   24.45    0.00   61.67
11:04:38 PM    2    1.00    0.00   13.55    0.00    0.00    9.74    0.00    9.54    0.00   66.16
11:04:38 PM    3    1.41    0.00   13.86    0.00    0.00    5.92    0.00   23.29    0.00   55.52
11:04:38 PM    4    0.90    0.00   12.86    0.00    0.00    9.55    0.00   29.85    0.00   46.83
11:04:38 PM    5    1.71    0.00   11.06    0.00    0.00    4.62    0.00   48.64    0.00   33.97
11:04:38 PM    6    1.21    0.00   12.73    0.00    0.00    7.17    0.00   22.02    0.00   56.87
11:04:38 PM    7    0.80    0.00   15.33    0.00    0.00   15.53    0.00   16.63    0.00   51.70

Average:     CPU    %usr   %nice    %sys %iowait    %irq   %soft  %steal  %guest  %gnice   %idle
Average:     all    1.20    0.00   13.97    0.03    0.00    8.62    0.00   26.72    0.00   49.46
Average:       0    1.19    0.00   12.99    0.07    0.00    6.87    0.00   23.42    0.00   55.46
Average:       1    1.15    0.00   12.88    0.04    0.00    6.72    0.00   22.98    0.00   56.22
Average:       2    1.09    0.00   12.97    0.06    0.00    6.94    0.00   22.61    0.00   56.32
Average:       3    1.09    0.00   13.09    0.04    0.00    7.19    0.00   21.30    0.00   57.30
Average:       4    1.32    0.00   14.58    0.01    0.00    9.20    0.00   34.34    0.00   40.55
Average:       5    1.28    0.00   14.97    0.00    0.00   10.33    0.00   32.86    0.00   40.55
Average:       6    1.20    0.00   15.31    0.00    0.00   11.37    0.00   25.98    0.00   46.14
Average:       7    1.29    0.00   14.96    0.01    0.00   10.34    0.00   30.28    0.00   43.12
